100 10
0 1 54.72352
0 2 86.18407
0 3 66.34847
0 4 114.23426
0 5 78.98713
0 6 72.52477
0 7 97.69780
0 8 85.33011
0 9 79.29270
0 10 107.83518
0 11 114.80664
0 12 56.70464
0 13 90.77139
0 14 48.89528
0 15 95.00911
0 16 107.30343
0 17 69.20911
0 18 123.72969
0 19 87.98608
0 20 107.08595
0 21 105.77075
0 22 113.79562
0 23 45.03494
0 24 80.23622
0 25 54.81746
0 26 84.39243
0 27 119.46002
0 28 107.49285
0 29 80.57631
0 30 46.72490
0 31 122.83245
0 32 69.26098
0 33 117.27454
0 34 133.88014
0 35 116.13293
0 36 48.95238
0 37 102.54012
0 38 66.70333
0 39 70.82566
0 40 87.59927
0 41 99.29420
0 42 84.84978
0 43 42.16357
0 44 118.83525
0 45 71.28028
0 46 60.83886
0 47 106.96988
0 48 90.94135
0 49 113.91151
0 50 57.28975
0 51 116.91317
0 52 93.44316
0 53 83.25858
0 54 114.51794
0 55 68.71310
0 56 61.39078
0 57 106.80571
0 58 124.74145
0 59 41.44823
0 60 110.67699
0 61 74.82711
0 62 87.42929
0 63 88.42910
0 64 80.54651
0 65 103.13349
0 66 70.53428
0 67 61.33263
0 68 51.68318
0 69 81.61048
0 70 71.51846
0 71 75.38612
0 72 72.42393
0 73 88.68664
0 74 51.60397
0 75 86.97556
0 76 61.00987
0 77 85.40049
0 78 98.99359
0 79 82.29333
0 80 86.92440
0 81 68.52324
0 82 101.75478
0 83 119.23209
0 84 103.63990
0 85 105.60983
0 86 111.96086
0 87 89.53477
0 88 62.01669
0 89 14.98409
0 90 78.37356
0 91 68.12307
0 92 58.12695
0 93 52.19746
0 94 121.17175
0 95 78.83344
0 96 77.90254
0 97 117.46956
0 98 86.83169
0 99 98.67505
1 2 76.11036
1 3 56.91159
1 4 119.52760
1 5 51.34650
1 6 75.08041
1 7 102.31429
1 8 86.25927
1 9 60.63261
1 10 92.72221
1 11 106.10196
1 12 97.93269
1 13 87.17857
1 14 60.40134
1 15 52.01142
1 16 89.99187
1 17 94.58311
1 18 107.92307
1 19 49.71173
1 20 78.92612
1 21 86.27690
1 22 87.64376
1 23 59.86760
1 24 68.71859
1 25 33.91084
1 26 103.43909
1 27 104.63266
1 28 81.68391
1 29 70.49731
1 30 69.28914
1 31 102.04807
1 32 66.17793
1 33 77.91918
1 34 124.13680
1 35 90.95169
1 36 68.19851
1 37 90.28699
1 38 75.80028
1 39 92.85093
1 40 102.74709
1 41 62.89705
1 42 81.45090
1 43 46.89996
1 44 83.10568
1 45 60.95556
1 46 39.86513
1 47 87.08709
1 48 73.50156
1 49 67.80199
1 50 71.11837
1 51 97.35293
1 52 70.38709
1 53 71.58903
1 54 104.77869
1 55 35.83334
1 56 47.92410
1 57 94.12753
1 58 104.38313
1 59 53.37865
1 60 106.12926
1 61 59.53890
1 62 51.93946
1 63 64.39036
1 64 73.80747
1 65 55.89174
1 66 59.07653
1 67 80.86846
1 68 73.35386
1 69 58.79621
1 70 97.76702
1 71 93.19118
1 72 62.10175
1 73 83.87807
1 74 57.09422
1 75 61.96461
1 76 72.11973
1 77 70.61307
1 78 89.10478
1 79 76.66392
1 80 91.67187
1 81 97.96027
1 82 91.87222
1 83 100.28239
1 84 94.34943
1 85 123.12685
1 86 78.94852
1 87 58.92122
1 88 79.91755
1 89 55.47995
1 90 81.67878
1 91 62.37374
1 92 49.13752
1 93 66.31703
1 94 135.32512
1 95 89.97239
1 96 36.12638
1 97 106.56777
1 98 86.05196
1 99 98.73927
2 3 78.86823
2 4 106.59167
2 5 75.26575
2 6 69.61022
2 7 129.84142
2 8 92.31456
2 9 101.69678
2 10 97.96397
2 11 54.45366
2 12 87.67333
2 13 67.71584
2 14 103.46213
2 15 104.00549
2 16 75.32850
2 17 97.37907
2 18 90.90778
2 19 91.50113
2 20 123.29757
2 21 38.23933
2 22 64.93789
2 23 81.67956
2 24 87.35563
2 25 73.41019
2 26 102.87424
2 27 100.30322
2 28 76.96539
2 29 34.90730
2 30 85.83784
2 31 68.22846
2 32 57.77820
2 33 62.03723
2 34 84.03529
2 35 50.25850
2 36 64.01960
2 37 101.95042
2 38 29.32721
2 39 111.50647
2 40 56.40003
2 41 88.65977
2 42 92.63765
2 43 76.23141
2 44 107.46976
2 45 81.20145
2 46 72.63320
2 47 70.65068
2 48 19.13476
2 49 90.90495
2 50 79.91504
2 51 103.34415
2 52 50.31097
2 53 43.59538
2 54 98.96327
2 55 63.47952
2 56 53.54547
2 57 106.49724
2 58 72.96440
2 59 67.98467
2 60 86.56087
2 61 73.72445
2 62 73.12877
2 63 45.58633
2 64 42.91689
2 65 91.81901
2 66 60.19881
2 67 76.63588
2 68 72.12467
2 69 83.19623
2 70 127.24909
2 71 81.39452
2 72 87.46838
2 73 37.65082
2 74 48.32474
2 75 94.91868
2 76 79.27496
2 77 78.41765
2 78 87.80439
2 79 57.95794
2 80 35.47353
2 81 93.51394
2 82 92.64781
2 83 85.93170
2 84 46.82974
2 85 80.62943
2 86 63.14423
2 87 67.75396
2 88 108.11311
2 89 94.12439
2 90 59.52651
2 91 58.28114
2 92 60.77067
2 93 92.06344
2 94 91.81054
2 95 105.74326
2 96 90.86652
2 97 56.40767
2 98 76.63017
2 99 53.89919
3 4 105.85714
3 5 101.35808
3 6 89.67964
3 7 124.73253
3 8 113.12746
3 9 87.07383
3 10 94.00661
3 11 122.22987
3 12 100.49650
3 13 115.10117
3 14 68.41199
3 15 101.70594
3 16 87.34718
3 17 111.19315
3 18 126.66158
3 19 104.11442
3 20 119.72196
3 21 104.00470
3 22 115.65216
3 23 57.34424
3 24 98.61824
3 25 58.89353
3 26 131.88593
3 27 98.39780
3 28 89.86993
3 29 55.43749
3 30 95.74285
3 31 115.14030
3 32 63.55335
3 33 81.62036
3 34 146.11848
3 35 105.05592
3 36 56.51370
3 37 115.11760
3 38 74.65472
3 39 110.37551
3 40 87.84100
3 41 113.65533
3 42 92.28120
3 43 60.00751
3 44 102.79393
3 45 75.26614
3 46 86.98061
3 47 101.57322
3 48 88.74642
3 49 102.86453
3 50 98.16467
3 51 130.48570
3 52 79.00272
3 53 55.88094
3 54 120.43306
3 55 67.67121
3 56 65.31285
3 57 106.72380
3 58 111.60838
3 59 47.01762
3 60 107.47226
3 61 103.85029
3 62 85.20298
3 63 95.85930
3 64 75.89596
3 65 92.27136
3 66 91.72149
3 67 97.34560
3 68 89.12757
3 69 99.42380
3 70 105.33559
3 71 121.30272
3 72 104.72379
3 73 92.85876
3 74 71.59573
3 75 104.48192
3 76 99.20708
3 77 96.54710
3 78 119.68214
3 79 37.50497
3 80 97.17023
3 81 123.34244
3 82 101.30808
3 83 98.13766
3 84 103.41506
3 85 128.66039
3 86 101.78566
3 87 101.21003
3 88 95.88583
3 89 67.12385
3 90 84.76482
3 91 79.08817
3 92 24.46717
3 93 63.23409
3 94 132.59753
3 95 118.51164
3 96 82.71075
3 97 109.64274
3 98 92.15266
3 99 100.13322
4 5 130.76686
4 6 102.67424
4 7 98.99194
4 8 128.92906
4 9 86.52863
4 10 105.38905
4 11 118.56524
4 12 106.76211
4 13 128.36974
4 14 87.53149
4 15 153.05841
4 16 52.28987
4 17 84.87967
4 18 117.33473
4 19 148.77689
4 20 125.49582
4 21 107.15263
4 22 110.10517
4 23 77.18535
4 24 88.47527
4 25 96.60320
4 26 112.48237
4 27 65.37570
4 28 85.34078
4 29 81.95155
4 30 106.92535
4 31 96.62209
4 32 94.84669
4 33 130.02927
4 34 112.23592
4 35 115.42084
4 36 122.56310
4 37 135.22131
4 38 95.97325
4 39 82.31367
4 40 81.81769
4 41 158.49089
4 42 83.27885
4 43 113.17094
4 44 132.54750
4 45 88.18478
4 46 114.33418
4 47 89.10692
4 48 114.32916
4 49 121.74689
4 50 95.86621
4 51 98.54220
4 52 76.45978
4 53 77.23766
4 54 78.70279
4 55 111.91928
4 56 82.05019
4 57 100.85209
4 58 77.50671
4 59 91.99975
4 60 56.59147
4 61 132.77644
4 62 142.68886
4 63 128.68700
4 64 95.59155
4 65 136.34662
4 66 94.43246
4 67 109.89067
4 68 132.21240
4 69 131.88174
4 70 114.45271
4 71 120.18827
4 72 111.01424
4 73 81.97719
4 74 84.60237
4 75 157.30518
4 76 89.90137
4 77 95.69455
4 78 93.39806
4 79 92.69281
4 80 102.58514
4 81 130.53622
4 82 63.17075
4 83 53.91254
4 84 84.30264
4 85 85.76825
4 86 105.04826
4 87 147.96255
4 88 104.83796
4 89 121.84182
4 90 55.75470
4 91 94.43864
4 92 110.45580
4 93 69.47682
4 94 67.38712
4 95 92.64388
4 96 152.70638
4 97 120.34689
4 98 99.75490
4 99 108.96793
5 6 78.36082
5 7 99.29716
5 8 70.25743
5 9 71.91054
5 10 101.99412
5 11 80.69817
5 12 100.57001
5 13 58.45905
5 14 89.38541
5 15 49.44182
5 16 97.61890
5 17 87.68372
5 18 88.41216
5 19 26.61094
5 20 75.98520
5 21 66.14786
5 22 61.87280
5 23 84.86681
5 24 58.13812
5 25 57.38241
5 26 79.52011
5 27 118.93252
5 28 83.83540
5 29 86.85522
5 30 63.54510
5 31 85.48287
5 32 79.52126
5 33 87.99938
5 34 91.20553
5 35 80.22536
5 36 93.63475
5 37 79.72292
5 38 79.25864
5 39 93.55245
5 40 110.70484
5 41 32.26382
5 42 92.16846
5 43 75.10858
5 44 88.55428
5 45 71.44962
5 46 25.26606
5 47 76.52144
5 48 62.30671
5 49 60.04105
5 50 59.24556
5 51 71.83555
5 52 71.36395
5 53 90.22477
5 54 92.65395
5 55 46.08317
5 56 55.49146
5 57 95.14642
5 58 94.93279
5 59 83.32610
5 60 103.29050
5 61 23.17169
5 62 52.25528
5 63 44.16712
5 64 81.10133
5 65 58.66617
5 66 39.21777
5 67 74.06959
5 68 73.99250
5 69 40.50565
5 70 111.44229
5 71 67.22402
5 72 37.09965
5 73 74.42510
5 74 59.28016
5 75 51.22557
5 76 60.58348
5 77 59.00765
5 78 62.56132
5 79 107.30199
5 80 81.14586
5 81 79.62328
5 82 91.16666
5 83 106.06561
5 84 80.17908
5 85 108.78922
5 86 66.58345
5 87 33.28444
5 88 88.10795
5 89 84.27061
5 90 83.05511
5 91 66.74084
5 92 87.32571
5 93 92.29702
5 94 126.66255
5 95 77.46474
5 96 52.57987
5 97 96.46091
5 98 86.05714
5 99 91.94403
6 7 124.79605
6 8 119.56711
6 9 90.15925
6 10 135.84616
6 11 103.43978
6 12 91.60426
6 13 102.42920
6 14 80.52280
6 15 115.26183
6 16 84.49475
6 17 83.51165
6 18 132.82620
6 19 96.25478
6 20 87.60995
6 21 81.20956
6 22 73.39793
6 23 81.46806
6 24 90.45692
6 25 82.73712
6 26 93.65218
6 27 79.38931
6 28 109.52199
6 29 72.93530
6 30 81.98577
6 31 109.21194
6 32 96.72748
6 33 107.65245
6 34 107.42960
6 35 68.90011
6 36 68.27910
6 37 136.16496
6 38 60.76030
6 39 82.27684
6 40 61.98536
6 41 97.11809
6 42 39.75363
6 43 43.92964
6 44 140.50609
6 45 99.70773
6 46 59.71730
6 47 106.21306
6 48 69.47854
6 49 104.07988
6 50 75.01160
6 51 98.96250
6 52 75.57327
6 53 63.87289
6 54 117.13460
6 55 88.30272
6 56 68.58521
6 57 133.11974
6 58 101.36559
6 59 48.21270
6 60 109.67700
6 61 87.25556
6 62 107.48783
6 63 62.33331
6 64 34.01981
6 65 115.32314
6 66 59.03773
6 67 96.35526
6 68 93.37727
6 69 106.13978
6 70 128.44669
6 71 80.01360
6 72 82.96039
6 73 57.07964
6 74 54.99101
6 75 117.77369
6 76 56.98267
6 77 99.89564
6 78 92.55273
6 79 82.39709
6 80 82.19855
6 81 87.37485
6 82 106.84933
6 83 94.46656
6 84 84.62043
6 85 82.03275
6 86 73.90820
6 87 91.62123
6 88 111.50398
6 89 72.68626
6 90 57.28977
6 91 17.78317
6 92 73.60861
6 93 78.69649
6 94 96.63363
6 95 74.62517
6 96 100.05515
6 97 119.89779
6 98 115.10663
6 99 109.66608
7 8 77.64616
7 9 56.66050
7 10 86.82952
7 11 122.43738
7 12 97.58620
7 13 100.67178
7 14 73.58042
7 15 108.87333
7 16 103.15624
7 17 61.40587
7 18 93.98782
7 19 110.67654
7 20 103.93059
7 21 121.03740
7 22 121.02885
7 23 72.62106
7 24 48.41779
7 25 75.25223
7 26 72.50938
7 27 128.62128
7 28 89.75997
7 29 118.02105
7 30 67.03842
7 31 108.30937
7 32 92.89240
7 33 146.51840
7 34 117.84937
7 35 145.51884
7 36 136.28102
7 37 83.41315
7 38 117.68363
7 39 57.75799
7 40 134.02011
7 41 127.90242
7 42 112.84109
7 43 118.55138
7 44 100.92690
7 45 60.54052
7 46 90.17493
7 47 86.98292
7 48 128.38432
7 49 107.12151
7 50 63.15404
7 51 76.66304
7 52 100.84995
7 53 121.80636
7 54 62.17006
7 55 91.13677
7 56 80.04076
7 57 61.65269
7 58 109.91070
7 59 110.18710
7 60 79.20817
7 61 95.28806
7 62 117.00906
7 63 129.47810
7 64 131.24471
7 65 107.85238
7 66 82.44310
7 67 79.80809
7 68 109.20251
7 69 86.07127
7 70 58.79433
7 71 94.99189
7 72 63.99282
7 73 111.27918
7 74 87.56157
7 75 110.95051
7 76 73.54005
7 77 61.83002
7 78 64.99249
7 79 135.10446
7 80 116.59146
7 81 100.79417
7 82 59.55608
7 83 107.49591
7 84 107.27705
7 85 115.35050
7 86 123.21474
7 87 124.80041
7 88 47.16190
7 89 107.04898
7 90 92.01517
7 91 114.33587
7 92 127.34833
7 93 72.51861
7 94 119.27131
7 95 63.96484
7 96 123.00030
7 97 129.36728
7 98 80.67217
7 99 114.27905
8 9 88.41653
8 10 69.49940
8 11 76.05726
8 12 76.33533
8 13 38.84274
8 14 98.96938
8 15 82.07139
8 16 113.51945
8 17 76.22404
8 18 58.63046
8 19 80.85437
8 20 127.94810
8 21 87.65232
8 22 105.57420
8 23 78.52903
8 24 59.68346
8 25 65.68214
8 26 68.49015
8 27 149.84871
8 28 82.05025
8 29 97.25813
8 30 51.92435
8 31 86.29675
8 32 59.41696
8 33 113.69363
8 34 97.27854
8 35 122.89068
8 36 107.56998
8 37 30.48741
8 38 86.12043
8 39 95.09074
8 40 119.97568
8 41 90.85212
8 42 130.97325
8 43 109.89935
8 44 81.24608
8 45 54.99138
8 46 76.13621
8 47 69.54039
8 48 89.29713
8 49 99.27670
8 50 55.35025
8 51 94.10675
8 52 90.69756
8 53 109.68549
8 54 75.68733
8 55 60.45546
8 56 66.64758
8 57 61.50539
8 58 104.73730
8 59 104.92224
8 60 87.02197
8 61 50.76614
8 62 68.31039
8 63 93.83833
8 64 115.74640
8 65 83.48907
8 66 69.30689
8 67 36.79181
8 68 56.99945
8 69 39.77674
8 70 74.18262
8 71 65.53165
8 72 56.81540
8 73 93.11388
8 74 69.74727
8 75 58.97082
8 76 77.07761
8 77 45.66184
8 78 67.85582
8 79 118.36992
8 80 74.78079
8 81 71.55460
8 82 79.92973
8 83 121.87598
8 84 83.99070
8 85 106.54021
8 86 111.24607
8 87 76.70036
8 88 55.18168
8 89 98.28636
8 90 94.11655
8 91 107.58688
8 92 105.88458
8 93 93.79108
8 94 121.30270
8 95 91.67414
8 96 90.28006
8 97 78.29983
8 98 43.01548
8 99 64.36652
9 10 82.24438
9 11 112.96906
9 12 103.68619
9 13 98.42922
9 14 46.28578
9 15 78.82507
9 16 69.21467
9 17 73.39503
9 18 96.46007
9 19 79.90530
9 20 61.18111
9 21 96.05546
9 22 88.65537
9 23 54.31409
9 24 36.74724
9 25 42.58356
9 26 88.71559
9 27 86.85574
9 28 65.86817
9 29 86.13687
9 30 68.86615
9 31 92.16710
9 32 77.80994
9 33 106.36311
9 34 112.14221
9 35 107.33531
9 36 108.65851
9 37 90.00225
9 38 96.49599
9 39 62.04146
9 40 112.34318
9 41 96.94292
9 42 73.21599
9 43 80.98742
9 44 81.17802
9 45 46.69226
9 46 57.29649
9 47 72.58435
9 48 99.00799
9 49 65.63709
9 50 62.07784
9 51 61.85055
9 52 66.39857
9 53 84.59974
9 54 67.97922
9 55 60.35762
9 56 50.22528
9 57 68.38568
9 58 87.08411
9 59 75.63687
9 60 76.60477
9 61 79.68056
9 62 89.80014
9 63 95.89970
9 64 94.19461
9 65 73.13747
9 66 57.56704
9 67 86.09109
9 68 102.72042
9 69 72.82816
9 70 82.61150
9 71 97.08680
9 72 51.57892
9 73 87.07458
9 74 65.52061
9 75 94.45930
9 76 61.08311
9 77 53.85590
9 78 61.60022
9 79 99.91735
9 80 104.73820
9 81 106.42236
9 82 53.27886
9 83 74.97793
9 84 90.61307
9 85 113.83961
9 86 82.55931
9 87 96.90486
9 88 64.45360
9 89 84.18710
9 90 69.85291
9 91 76.89465
9 92 89.78318
9 93 49.97286
9 94 117.70740
9 95 61.59175
9 96 87.79500
9 97 118.34945
9 98 82.79729
9 99 108.61913
10 11 94.89627
10 12 108.72417
10 13 86.59462
10 14 99.31649
10 15 96.31485
10 16 87.68542
10 17 104.80081
10 18 56.71551
10 19 107.28050
10 20 136.11897
10 21 95.12276
10 22 114.40535
10 23 75.20864
10 24 70.60068
10 25 64.21276
10 26 115.81008
10 27 129.18642
10 28 45.35707
10 29 82.45154
10 30 93.16528
10 31 74.18736
10 32 49.74039
10 33 92.47984
10 34 114.48020
10 35 124.54193
10 36 120.26491
10 37 52.27601
10 38 99.25861
10 39 114.56004
10 40 123.13915
10 41 119.75584
10 42 134.10323
10 43 122.91833
10 44 47.28834
10 45 43.22306
10 46 101.87766
10 47 52.93760
10 48 100.74800
10 49 88.96341
10 50 91.12114
10 51 102.45891
10 52 75.86405
10 53 94.55521
10 54 64.57969
10 55 63.51043
10 56 67.78246
10 57 29.00079
10 58 84.78619
10 59 108.78767
10 60 64.70740
10 61 94.98583
10 62 79.55965
10 63 115.02655
10 64 120.54015
10 65 75.37592
10 66 91.36201
10 67 80.24660
10 68 98.55665
10 69 72.27674
10 70 88.30135
10 71 116.59770
10 72 90.77701
10 73 100.89410
10 74 85.84043
10 75 92.29790
10 76 105.70487
10 77 53.07045
10 78 87.32019
10 79 97.99127
10 80 93.11622
10 81 125.92471
10 82 57.78376
10 83 92.81531
10 84 85.18265
10 85 126.92429
10 86 107.93688
10 87 105.47555
10 88 74.84750
10 89 118.94950
10 90 94.93564
10 91 119.58130
10 92 99.54047
10 93 88.08056
10 94 126.15880
10 95 118.58457
10 96 105.97655
10 97 75.39230
10 98 39.39001
10 99 70.73948
11 12 97.08448
11 13 43.78568
11 14 128.15768
11 15 113.09224
11 16 91.30244
11 17 97.02467
11 18 57.76148
11 19 100.59544
11 20 137.75304
11 21 34.71622
11 22 66.08234
11 23 104.10091
11 24 83.38831
11 25 92.71315
11 26 89.59775
11 27 127.72510
11 28 76.81513
11 29 75.22858
11 30 90.18596
11 31 46.24727
11 32 72.95466
11 33 88.93292
11 34 45.63919
11 35 74.12718
11 36 108.98404
11 37 85.61324
11 38 64.54097
11 39 118.61530
11 40 89.71335
11 41 96.86658
11 42 121.95760
11 43 116.73085
11 44 106.30402
11 45 87.16982
11 46 88.47179
11 47 56.61076
11 48 48.74228
11 49 96.91093
11 50 80.65820
11 51 89.94360
11 52 66.37482
11 53 86.10693
11 54 79.85247
11 55 79.36702
11 56 71.84643
11 57 96.14520
11 58 66.10989
11 59 109.07159
11 60 77.07413
11 61 71.83406
11 62 85.25191
11 63 67.80921
11 64 86.53394
11 65 100.41258
11 66 66.40731
11 67 73.69306
11 68 85.09634
11 69 79.14024
11 70 132.23682
11 71 73.10654
11 72 84.78960
11 73 53.68119
11 74 69.62575
11 75 98.19729
11 76 86.48009
11 77 68.93582
11 78 70.02582
11 79 104.91502
11 80 37.98971
11 81 91.65955
11 82 87.24364
11 83 97.91154
11 84 36.37170
11 85 75.08723
11 86 76.87528
11 87 77.22890
11 88 111.09654
11 89 126.42445
11 90 76.35354
11 91 92.16931
11 92 107.95092
11 93 115.87151
11 94 87.27692
11 95 107.50419
11 96 114.08013
11 97 38.17058
11 98 68.91464
11 99 42.34866
12 13 78.25475
12 14 82.90192
12 15 128.27094
12 16 113.37122
12 17 50.49837
12 18 111.69127
12 19 118.58041
12 20 140.45876
12 21 103.56288
12 22 121.08708
12 23 62.32769
12 24 86.85323
12 25 82.21263
12 26 63.55542
12 27 135.16396
12 28 112.72045
12 29 87.70469
12 30 46.59895
12 31 115.39538
12 32 70.33064
12 33 136.55029
12 34 115.71329
12 35 125.99936
12 36 73.23360
12 37 101.30441
12 38 60.72388
12 39 71.64962
12 40 76.43648
12 41 126.18983
12 42 107.68209
12 43 85.83954
12 44 135.55168
12 45 80.89202
12 46 88.50482
12 47 103.37013
12 48 95.52953
12 49 137.58704
12 50 53.41863
12 51 120.78571
12 52 101.06135
12 53 95.40992
12 54 104.36234
12 55 91.73313
12 56 74.49036
12 57 105.90429
12 58 120.62852
12 59 74.51937
12 60 96.47729
12 61 87.12142
12 62 110.33401
12 63 104.27462
12 64 94.14564
12 65 130.39673
12 66 79.11675
12 67 40.24139
12 68 49.77824
12 69 95.71486
12 70 71.26379
12 71 56.13202
12 72 84.69599
12 73 82.98610
12 74 56.65985
12 75 109.37646
12 76 63.93726
12 77 87.00138
12 78 94.24429
12 79 98.53011
12 80 66.71108
12 81 47.24359
12 82 98.61419
12 83 124.40014
12 84 91.20248
12 85 72.98230
12 86 126.27792
12 87 109.82023
12 88 64.50977
12 89 69.75245
12 90 74.12980
12 91 88.52574
12 92 91.33404
12 93 72.63583
12 94 90.16132
12 95 81.31695
12 96 118.19283
12 97 102.58594
12 98 74.43438
12 99 77.66850
13 14 110.27644
13 15 87.54289
13 16 105.43964
13 17 80.25655
13 18 57.63805
13 19 76.08967
13 20 125.92747
13 21 58.79597
13 22 80.52171
13 23 88.92439
13 24 66.97401
13 25 74.14474
13 26 67.01429
13 27 140.31375
13 28 81.99924
13 29 84.99023
13 30 60.31176
13 31 69.88873
13 32 63.10486
13 33 99.23835
13 34 70.90650
13 35 95.20266
13 36 98.91469
13 37 57.28521
13 38 67.40842
13 39 102.12220
13 40 102.46113
13 41 77.18561
13 42 121.64100
13 43 103.69864
13 44 94.26321
13 45 70.37469
13 46 68.66274
13 47 63.86325
13 48 61.02044
13 49 93.73285
13 50 57.05953
13 51 88.08294
13 52 77.97141
13 53 96.84608
13 54 80.22366
13 55 61.57495
13 56 63.11228
13 57 82.99225
13 58 90.14579
13 59 100.50434
13 60 86.76057
13 61 39.60728
13 62 65.13153
13 63 67.07533
13 64 95.31845
13 65 86.02901
13 66 56.00943
13 67 44.53242
13 68 55.42548
13 69 47.30585
13 70 103.58625
13 71 50.34278
13 72 58.84694
13 73 69.95683
13 74 60.21497
13 75 64.74833
13 76 71.29466
13 77 52.98735
13 78 62.33541
13 79 110.70851
13 80 49.53053
13 81 64.27926
13 82 86.47428
13 83 114.07246
13 84 61.83601
13 85 87.40707
13 86 90.66168
13 87 58.61165
13 88 82.30362
13 89 102.95142
13 90 82.91512
13 91 91.42645
13 92 101.19108
13 93 103.05232
13 94 106.12044
13 95 91.86908
13 96 90.18511
13 97 59.06079
13 98 55.53740
13 99 49.94736
14 15 98.93663
14 16 86.50571
14 17 67.27249
14 18 123.07050
14 19 97.72227
14 20 84.48220
14 21 113.36521
14 22 112.54535
14 23 33.69046
14 24 65.77494
14 25 49.13333
14 26 92.11790
14 27 93.69500
14 28 93.57043
14 29 84.82464
14 30 62.12632
14 31 118.66342
14 32 77.99886
14 33 121.26437
14 34 135.46725
14 35 120.89486
14 36 83.80721
14 37 108.30150
14 38 88.18382
14 39 52.46447
14 40 98.68243
14 41 113.85884
14 42 67.79723
14 43 58.60315
14 44 109.58865
14 45 60.75471
14 46 67.21799
14 47 99.61486
14 48 107.02916
14 49 101.55431
14 50 63.60385
14 51 99.14233
14 52 85.27528
14 53 82.30602
14 54 97.40174
14 55 73.84270
14 56 59.24705
14 57 92.53967
14 58 112.87073
14 59 50.25958
14 60 95.08841
14 61 92.57944
14 62 102.56887
14 63 105.45135
14 64 89.38498
14 65 99.89182
14 66 72.48005
14 67 82.14686
14 68 90.61644
14 69 91.35011
14 70 67.11918
14 71 96.82860
14 72 71.54766
14 73 93.86436
14 74 62.16152
14 75 105.79575
14 76 61.80235
14 77 79.41362
14 78 90.06843
14 79 87.15929
14 80 106.11292
14 81 97.21902
14 82 79.43843
14 83 95.75149
14 84 105.80638
14 85 112.56886
14 86 106.44225
14 87 109.70870
14 88 58.19267
14 89 50.82243
14 90 71.50029
14 91 72.72540
14 92 73.02811
14 93 22.22960
14 94 118.59144
14 95 66.56450
14 96 93.17953
14 97 130.45604
14 98 91.47890
14 99 114.18681
15 16 117.69241
15 17 119.34647
15 18 100.48615
15 19 27.99534
15 20 88.95696
15 21 99.15318
15 22 98.18742
15 23 97.40862
15 24 77.84882
15 25 62.33171
15 26 116.19746
15 27 140.22359
15 28 90.47772
15 29 106.52406
15 30 89.91621
15 31 107.49208
15 32 89.80219
15 33 89.15255
15 34 129.12637
15 35 111.93798
15 36 112.56781
15 37 75.88301
15 38 110.86803
15 39 120.57968
15 40 144.10281
15 41 45.10582
15 42 121.24686
15 43 95.60113
15 44 65.81338
15 45 76.79675
15 46 60.44933
15 47 92.85125
15 48 94.18613
15 49 59.13240
15 50 91.41503
15 51 98.68607
15 52 93.64817
15 53 111.36276
15 54 110.59839
15 55 49.34447
15 56 77.21833
15 57 93.59306
15 58 118.31525
15 59 103.74590
15 60 123.62592
15 61 56.56641
15 62 42.18943
15 63 80.53501
15 64 113.73293
15 65 33.69685
15 66 78.86654
15 67 97.66701
15 68 93.95426
15 69 43.95952
15 70 115.34696
15 71 108.68640
15 72 66.64640
15 73 112.05539
15 74 90.96501
15 75 37.36960
15 76 98.33136
15 77 74.22973
15 78 93.95708
15 79 119.66445
15 80 114.44415
15 81 116.17069
15 82 105.97248
15 83 124.96739
15 84 112.50908
15 85 150.74974
15 86 93.49951
15 87 52.49031
15 88 95.71671
15 89 97.80091
15 90 115.80939
15 91 101.91940
15 92 95.53111
15 93 105.99530
15 94 164.47356
15 95 111.09022
15 96 33.90219
15 97 114.71917
15 98 96.61413
15 99 113.28918
16 17 93.32748
16 18 93.00536
16 19 113.03472
16 20 99.23919
16 21 68.93917
16 22 68.58053
16 23 74.86909
16 24 70.29980
16 25 73.36789
16 26 111.38018
16 27 46.39571
16 28 50.20154
16 29 53.74718
16 30 100.57761
16 31 61.33538
16 32 76.60982
16 33 83.58323
16 34 88.75716
16 35 72.53139
16 36 108.31418
16 37 114.64751
16 38 78.72282
16 39 93.38671
16 40 78.31095
16 41 119.74838
16 42 70.71658
16 43 95.45908
16 44 99.61575
16 45 71.46861
16 46 86.44299
16 47 57.71772
16 48 78.00409
16 49 76.43495
16 50 87.77805
16 51 73.58485
16 52 32.28944
16 53 47.62799
16 54 66.84335
16 55 79.44777
16 56 55.78720
16 57 87.27797
16 58 39.28710
16 59 79.72575
16 60 50.96958
16 61 104.64314
16 62 106.43155
16 63 90.79902
16 64 68.56525
16 65 96.11620
16 66 68.04225
16 67 102.68882
16 68 118.74766
16 69 103.18806
16 70 123.44228
16 71 110.63663
16 72 90.21175
16 73 55.99804
16 74 67.22256
16 75 126.81802
16 76 81.04343
16 77 72.71785
16 78 74.07095
16 79 72.76746
16 80 84.14808
16 81 125.94622
16 82 51.90239
16 83 12.69939
16 84 56.42351
16 85 90.17612
16 86 57.27684
16 87 110.49485
16 88 105.73378
16 89 114.08025
16 90 44.84095
16 91 70.38557
16 92 87.44385
16 93 72.72952
16 94 81.41657
16 95 91.77718
16 96 118.53308
16 97 93.23643
16 98 86.66599
16 99 90.74483
17 18 100.59733
17 19 108.70281
17 20 107.55927
17 21 97.26985
17 22 101.47585
17 23 58.59823
17 24 56.04380
17 25 74.02969
17 26 34.12658
17 27 113.17101
17 28 97.75824
17 29 93.27525
17 30 37.57539
17 31 101.29722
17 32 80.37530
17 33 138.21094
17 34 95.94398
17 35 118.47319
17 36 99.33780
17 37 98.32328
17 38 76.47308
17 39 29.51833
17 40 87.14770
17 41 119.25382
17 42 84.97311
17 43 88.33199
17 44 125.82832
17 45 69.16973
17 46 72.99906
17 47 87.79636
17 48 98.99104
17 49 116.92570
17 50 29.93312
17 51 81.87308
17 52 87.47468
17 53 96.02673
17 54 75.00542
17 55 88.20509
17 56 64.40138
17 57 90.34355
17 58 101.35901
17 59 78.86880
17 60 76.00655
17 61 80.91944
17 62 114.17638
17 63 102.16742
17 64 93.80965
17 65 120.37221
17 66 58.53693
17 67 52.47476
17 68 78.58389
17 69 89.13826
17 70 68.74976
17 71 50.34783
17 72 58.44440
17 73 75.17468
17 74 53.00702
17 75 111.77042
17 76 33.66757
17 77 68.03556
17 78 59.94214
17 79 111.06561
17 80 79.04870
17 81 54.32067
17 82 71.30673
17 83 101.69549
17 84 82.05254
17 85 64.17384
17 86 108.67311
17 87 110.35488
17 88 54.91351
17 89 80.28315
17 90 57.35255
17 91 78.63914
17 92 105.01880
17 93 59.71739
17 94 77.44460
17 95 36.39451
17 96 119.41901
17 97 112.06590
17 98 77.50857
17 99 91.64354
18 19 100.86575
18 20 135.57863
18 21 69.87952
18 22 89.68565
18 23 99.98246
18 24 66.59389
18 25 83.84753
18 26 96.56619
18 27 137.37273
18 28 53.40723
18 29 93.07927
18 30 92.49760
18 31 44.41468
18 32 69.52167
18 33 97.74362
18 34 70.28675
18 35 108.72813
18 36 133.78101
18 37 49.64391
18 38 97.17073
18 39 117.82143
18 40 123.67907
18 41 106.44263
18 42 137.91594
18 43 134.68109
18 44 68.57050
18 45 65.71314
18 46 97.30769
18 47 35.85200
18 48 86.24022
18 49 84.89085
18 50 84.49363
18 51 79.82085
18 52 73.65286
18 53 105.10101
18 54 49.95549
18 55 73.37042
18 56 74.17319
18 57 51.66858
18 58 68.18964
18 59 124.83745
18 60 61.93713
18 61 79.00225
18 62 82.57542
18 63 99.59618
18 64 119.01820
18 65 82.77377
18 66 78.61539
18 67 76.93398
18 68 100.07998
18 69 65.54089
18 70 112.89738
18 71 95.60107
18 72 79.80869
18 73 86.70403
18 74 85.87276
18 75 90.94576
18 76 97.90939
18 77 45.61282
18 78 62.10794
18 79 120.57971
18 80 77.09753
18 81 111.87904
18 82 62.83469
18 83 96.60365
18 84 62.69688
18 85 107.19559
18 86 93.77344
18 87 92.24294
18 88 92.85027
18 89 136.28058
18 90 92.81949
18 91 117.62372
18 92 121.75436
18 93 112.12498
18 94 111.16909
18 95 110.70171
18 96 115.09097
18 97 55.64729
18 98 48.67295
18 99 58.53026
19 20 79.69866
19 21 85.31247
19 22 80.81982
19 23 96.47288
19 24 73.89711
19 25 64.07936
19 26 101.74344
19 27 132.71812
19 28 93.82719
19 29 100.59617
19 30 80.38296
19 31 101.93288
19 32 90.41722
19 33 89.12353
19 34 114.20470
19 35 95.56314
19 36 102.90965
19 37 83.60783
19 38 98.02948
19 39 111.48322
19 40 130.78410
19 41 21.70136
19 42 107.68270
19 43 83.67767
19 44 83.81712
19 45 80.98295
19 46 42.45956
19 47 91.20541
19 48 79.07478
19 49 60.01150
19 50 79.93128
19 51 89.19590
19 52 87.07250
19 53 104.05839
19 54 109.20253
19 55 50.42580
19 56 71.24206
19 57 102.64391
19 58 112.13484
19 59 94.99409
19 60 121.23650
19 61 39.59236
19 62 45.83889
19 63 59.46283
19 64 98.07497
19 65 48.44677
19 66 63.20123
19 67 90.65711
19 68 85.23761
19 69 43.79142
19 70 119.45487
19 71 90.51482
19 72 55.04443
19 73 97.05853
19 74 79.25987
19 75 40.84971
19 76 83.10960
19 77 73.11626
19 78 83.74679
19 79 116.60425
19 80 101.81652
19 81 99.43506
19 82 106.22861
19 83 121.02015
19 84 101.52487
19 85 134.47412
19 86 80.57058
19 87 34.77175
19 88 97.82080
19 89 90.70463
19 90 104.54729
19 91 84.70504
19 92 92.28160
19 93 104.18257
19 94 151.34796
19 95 97.67160
19 96 35.45541
19 97 110.19744
19 98 98.41170
19 99 107.93866
20 21 113.07508
20 22 86.98790
20 23 103.12544
20 24 79.58949
20 25 86.17267
20 26 112.09322
20 27 95.26093
20 28 108.46558
20 29 118.24253
20 30 102.39223
20 31 121.85968
20 32 124.36398
20 33 124.25673
20 34 127.93703
20 35 106.98523
20 36 130.25502
20 37 132.69661
20 38 123.47737
20 39 91.65497
20 40 136.21750
20 41 90.22298
20 42 69.79559
20 43 89.38056
20 44 119.75599
20 45 101.09540
20 46 64.41734
20 47 111.70408
20 48 114.23550
20 49 73.43701
20 50 94.38161
20 51 73.02863
20 52 94.94265
20 53 110.76618
20 54 112.05707
20 55 93.44557
20 56 88.75407
20 57 122.92596
20 58 114.17883
20 59 98.43801
20 60 123.08704
20 61 95.38246
20 62 112.37068
20 63 96.89921
20 64 102.89373
20 65 93.52201
20 66 76.81402
20 67 126.04038
20 68 133.44470
20 69 101.26423
20 70 133.51239
20 71 115.97575
20 72 73.75024
20 73 107.25239
20 74 96.55849
20 75 114.34081
20 76 81.70316
20 77 97.52119
20 78 88.00539
20 79 130.90767
20 80 134.43030
20 81 126.52441
20 82 103.78955
20 83 102.82090
20 84 118.90942
20 85 137.17709
20 86 83.18459
20 87 103.43625
20 88 114.97322
20 89 105.52659
20 90 99.62920
20 91 80.52142
20 92 115.48157
20 93 95.74393
20 94 145.88226
20 95 77.29234
20 96 96.00380
20 97 153.45145
20 98 133.08076
20 99 148.20772
21 22 37.36647
21 23 94.44408
21 24 75.10153
21 25 78.83363
21 26 95.64265
21 27 100.27843
21 28 64.30868
21 29 56.98819
21 30 89.88976
21 31 40.39034
21 32 70.42296
21 33 65.51521
21 34 52.10990
21 35 41.83290
21 36 97.25242
21 37 94.13727
21 38 56.79092
21 39 111.56502
21 40 79.30782
21 41 81.21864
21 42 97.01329
21 43 96.54346
21 44 98.19131
21 45 80.72462
21 46 70.73020
21 47 51.11843
21 48 26.78171
21 49 72.88103
21 50 78.54033
21 51 76.95042
21 52 41.45152
21 53 62.85619
21 54 79.52511
21 55 65.61536
21 56 56.52293
21 57 97.04351
21 58 49.98819
21 59 90.69553
21 60 75.16193
21 61 67.31074
21 62 75.35406
21 63 44.73796
21 64 61.46207
21 65 83.77822
21 66 50.96688
21 67 82.67826
21 68 89.66712
21 69 76.06321
21 70 134.50519
21 71 79.43779
21 72 76.86904
21 73 35.63625
21 74 58.36507
21 75 94.53571
21 76 77.33171
21 77 65.61043
21 78 65.56561
21 79 86.74911
21 80 45.60934
21 81 98.59178
21 82 80.42190
21 83 75.98129
21 84 28.97614
21 85 79.17363
21 86 43.47912
21 87 65.01802
21 88 111.89005
21 89 114.67846
21 90 61.76867
21 91 67.93617
21 92 89.37843
21 93 103.00454
21 94 88.90205
21 95 98.98891
21 96 97.82413
21 97 52.96336
21 98 76.97223
21 99 58.59945
22 23 104.09112
22 24 74.81582
22 25 85.93015
22 26 98.62255
22 27 87.75250
22 28 75.78503
22 29 76.82626
22 30 97.97470
22 31 58.27644
22 32 94.57582
22 33 79.54344
22 34 57.79368
22 35 36.98519
22 36 112.22980
22 37 111.94967
22 38 78.92886
22 39 107.85587
22 40 94.07695
22 41 76.52080
22 42 81.61154
22 43 96.16526
22 44 108.12108
22 45 92.31503
22 46 64.47078
22 47 66.68561
22 48 50.85499
22 49 61.65232
22 50 83.98475
22 51 59.24338
22 52 49.31534
22 53 74.59119
22 54 85.50603
22 55 76.81512
22 56 66.47684
22 57 109.78487
22 58 56.21241
22 59 95.70914
22 60 87.63418
22 61 73.68073
22 62 89.43098
22 63 47.35191
22 64 64.39060
22 65 86.21129
22 66 49.31830
22 67 102.03386
22 68 110.25943
22 69 85.97720
22 70 145.57072
22 71 87.86829
22 72 73.46404
22 73 48.55706
22 74 69.93336
22 75 104.72363
22 76 74.70612
22 77 75.46000
22 78 62.15637
22 79 103.31396
22 80 76.05593
22 81 108.22061
22 82 85.97123
22 83 72.93313
22 84 52.98775
22 85 89.69529
22 86 23.27308
22 87 72.23357
22 88 121.89414
22 89 119.76476
22 90 67.16708
22 91 61.56278
22 92 102.05080
22 93 106.94405
22 94 98.92097
22 95 89.55686
22 96 100.57628
22 97 89.00450
22 98 101.27198
22 99 92.87126
23 24 57.36707
23 25 36.56576
23 26 83.77620
23 27 95.69436
23 28 74.60168
23 29 61.92490
23 30 50.90766
23 31 97.61703
23 32 47.33216
23 33 105.13393
23 34 118.46976
23 35 109.84008
23 36 70.45929
23 37 88.15064
23 38 65.16211
23 39 59.08595
23 40 80.36607
23 41 110.47562
23 42 78.67506
23 43 62.99552
23 44 95.87162
23 45 40.08805
23 46 67.06882
23 47 78.46132
23 48 88.45927
23 49 97.93106
23 50 52.30701
23 51 96.76823
23 52 68.86094
23 53 65.42764
23 54 81.17097
23 55 58.74194
23 56 40.37544
23 57 73.63659
23 58 95.60141
23 59 45.82865
23 60 73.42943
23 61 82.00188
23 62 88.07043
23 63 95.12251
23 64 79.67906
23 65 92.37331
23 66 63.09029
23 67 58.34613
23 68 70.13693
23 69 78.27734
23 70 57.95678
23 71 84.10461
23 72 68.02200
23 73 76.23914
23 74 43.21295
23 75 95.47630
23 76 58.15071
23 77 61.90045
23 78 80.15559
23 79 68.32304
23 80 79.82939
23 81 86.11798
23 82 63.72129
23 83 85.62857
23 84 83.47883
23 85 95.26727
23 86 98.88584
23 87 99.07338
23 88 45.81789
23 89 54.78381
23 90 56.23419
23 91 70.62077
23 92 60.21210
23 93 19.23341
23 94 100.59878
23 95 72.26072
23 96 90.99023
23 97 101.40999
23 98 62.04626
23 99 83.44740
24 25 43.85368
24 26 62.28426
24 27 100.64525
24 28 55.41475
24 29 80.70151
24 30 50.68913
24 31 69.12305
24 32 64.05542
24 33 103.01480
24 34 82.75162
24 35 98.78266
24 36 107.06415
24 37 66.05146
24 38 82.15524
24 39 59.80785
24 40 103.95523
24 41 87.72323
24 42 85.60976
24 43 89.17982
24 44 76.23935
24 45 35.91069
24 46 51.31866
24 47 49.62990
24 48 82.81477
24 49 66.19394
24 50 39.47813
24 51 45.66204
24 52 57.84567
24 53 84.54887
24 54 43.61056
24 55 52.20247
24 56 39.69867
24 57 52.75169
24 58 72.43421
24 59 82.60305
24 60 58.67589
24 61 58.08316
24 62 79.40370
24 63 83.36633
24 64 91.36811
24 65 71.71674
24 66 38.46246
24 67 61.04289
24 68 85.10147
24 69 52.96170
24 70 77.97652
24 71 70.67419
24 72 29.87013
24 73 70.58079
24 74 51.76919
24 75 81.44999
24 76 46.62503
24 77 24.09884
24 78 30.01182
24 79 103.24249
24 80 80.70787
24 81 84.03182
24 82 39.61892
24 83 76.79388
24 84 67.38361
24 85 92.00330
24 86 76.70463
24 87 82.61341
24 88 54.55593
24 89 89.98807
24 90 60.08966
24 91 76.63071
24 92 95.22748
24 93 61.71069
24 94 99.59373
24 95 52.69420
24 96 89.46677
24 97 93.54675
24 98 59.30530
24 99 83.01110
25 26 87.12961
25 27 99.08705
25 28 58.02604
25 29 60.77226
25 30 53.46140
25 31 83.19623
25 32 42.92371
25 33 81.50731
25 34 109.01305
25 35 95.21110
25 36 76.27083
25 37 68.56985
25 38 68.75553
25 39 75.58816
25 40 95.08699
25 41 79.39982
25 42 83.20953
25 43 62.90623
25 44 67.37823
25 45 27.45895
25 46 45.93382
25 47 63.13699
25 48 73.57708
25 49 66.42560
25 50 53.12597
25 51 82.08984
25 52 56.27495
25 53 65.82595
25 54 75.70544
25 55 25.65668
25 56 26.79642
25 57 62.88754
25 58 86.25423
25 59 56.11573
25 60 76.99613
25 61 58.10213
25 62 56.36035
25 63 74.72134
25 64 78.15512
25 65 56.38447
25 66 49.20080
25 67 60.70221
25 68 67.79327
25 69 48.99434
25 70 73.81548
25 71 83.36791
25 72 50.00312
25 73 73.89708
25 74 43.67254
25 75 65.86790
25 76 60.40680
25 77 43.66257
25 78 68.89110
25 79 73.47852
25 80 78.69377
25 81 90.10604
25 82 61.74901
25 83 83.44864
25 84 77.39530
25 85 107.27686
25 86 79.15754
25 87 70.30274
25 88 53.95344
25 89 62.63342
25 90 65.14491
25 91 67.78316
25 92 57.41972
25 93 47.11295
25 94 115.75011
25 95 76.85213
25 96 60.64732
25 97 90.60714
25 98 57.48785
25 99 79.50114
26 27 134.00821
26 28 108.07397
26 29 109.11941
26 30 42.09365
26 31 102.70411
26 32 93.16647
26 33 144.40164
26 34 85.72755
26 35 120.77322
26 36 112.70736
26 37 94.35712
26 38 86.46542
26 39 54.94384
26 40 104.44048
26 41 109.20361
26 42 102.74228
26 43 102.38850
26 44 130.25237
26 45 82.89920
26 46 73.10275
26 47 92.51647
26 48 99.45174
26 49 118.72693
26 50 34.70990
26 51 79.53652
26 52 98.49481
26 53 113.66015
26 54 81.86275
26 55 93.53124
26 56 77.15443
26 57 99.17254
26 58 109.09473
26 59 99.21233
26 60 91.05220
26 61 69.47164
26 62 112.61839
26 63 98.20765
26 64 105.29851
26 65 121.67558
26 66 59.74914
26 67 54.12806
26 68 78.60885
26 69 83.11167
26 70 85.98265
26 71 31.72344
26 72 52.89830
26 73 82.33145
26 74 65.53596
26 75 104.36092
26 76 41.91909
26 77 71.04717
26 78 55.49822
26 79 131.21011
26 80 81.13560
26 81 40.28722
26 82 86.53359
26 83 119.10260
26 84 86.07119
26 85 69.90231
26 86 111.65029
26 87 102.01660
26 88 69.31425
26 89 95.27832
26 90 76.30981
26 91 89.40734
26 92 121.45603
26 93 88.25525
26 94 90.51826
26 95 44.48214
26 96 119.67851
26 97 112.30268
26 98 85.13918
26 99 94.46209
27 28 93.47401
27 29 79.92498
27 30 123.81560
27 31 103.78343
27 32 112.10442
27 33 108.62802
27 34 120.22674
27 35 84.61803
27 36 117.99886
27 37 154.14424
27 38 100.88702
27 39 103.72318
27 40 87.83176
27 41 138.49367
27 42 52.53764
27 43 95.51955
27 44 135.71518
27 45 105.98187
27 46 102.27145
27 47 101.92702
27 48 103.05696
27 49 100.16434
27 50 111.92424
27 51 97.37057
27 52 69.14016
27 53 64.61822
27 54 106.80441
27 55 109.13906
27 56 85.71587
27 57 127.59068
27 58 79.73476
27 59 83.91590
27 60 92.99052
27 61 131.21298
27 62 135.59041
27 63 108.17799
27 64 72.53387
27 65 123.86584
27 66 91.78542
27 67 133.87537
27 68 144.45346
27 69 135.17728
27 70 147.85599
27 71 133.34613
27 72 114.33695
27 73 80.28407
27 74 90.94131
27 75 154.93236
27 76 97.07894
27 77 110.40211
27 78 105.01511
27 79 86.17713
27 80 115.45438
27 81 146.10370
27 82 90.80616
27 83 46.93948
27 84 93.38584
27 85 109.20164
27 86 74.87444
27 87 134.30115
27 88 132.70752
27 89 121.17681
27 90 66.67993
27 91 72.08662
27 92 99.11646
27 93 85.67744
27 94 100.40153
27 95 102.85937
27 96 135.92542
27 97 133.89265
27 98 127.47144
27 99 130.07918
28 29 62.13199
28 30 92.22015
28 31 41.56549
28 32 55.36649
28 33 69.28356
28 34 86.02898
28 35 87.53445
28 36 114.35950
28 37 72.62639
28 38 84.97549
28 39 104.37968
28 40 103.95903
28 41 102.83225
28 42 104.74979
28 43 107.96733
28 44 53.94804
28 45 46.01702
28 46 82.76508
28 47 23.98237
28 48 75.98513
28 49 57.53822
28 50 82.86204
28 51 71.19415
28 52 38.00113
28 53 68.97637
28 54 47.84347
28 55 54.73329
28 56 49.21713
28 57 48.06523
28 58 44.11126
28 59 95.18642
28 60 46.10856
28 61 85.20113
28 62 76.46699
28 63 89.34525
28 64 92.52065
28 65 63.79017
28 66 67.22171
28 67 86.55173
28 68 104.49990
28 69 71.46026
28 70 108.57518
28 71 107.04566
28 72 77.38573
28 73 71.62974
28 74 70.23945
28 75 96.00354
28 76 88.39777
28 77 43.08609
28 78 64.53735
28 79 85.10672
28 80 80.20386
28 81 122.34325
28 82 39.23349
28 83 53.95080
28 84 56.54787
28 85 107.66589
28 86 67.02806
28 87 91.40528
28 88 88.89771
28 89 116.98639
28 90 69.27043
28 91 92.26380
28 92 90.79150
28 93 82.05103
28 94 105.24209
28 95 101.47859
28 96 99.90992
28 97 68.81083
28 98 55.48545
28 99 70.36895
29 30 86.41979
29 31 69.79446
29 32 46.00432
29 33 61.46589
29 34 97.87286
29 35 64.80822
29 36 63.89149
29 37 102.43239
29 38 38.87114
29 39 101.98627
29 40 52.56372
29 41 104.25723
29 42 82.28764
29 43 71.69646
29 44 98.13348
29 45 66.72414
29 46 77.28394
29 47 65.23515
29 48 48.00652
29 49 87.85176
29 50 80.58365
29 51 102.09833
29 52 38.83092
29 53 17.77707
29 54 89.65354
29 55 60.20987
29 56 43.35278
29 57 93.25406
29 58 66.04305
29 59 54.53488
29 60 71.47539
29 61 87.53049
29 62 80.15527
29 63 68.57647
29 64 45.84773
29 65 89.42455
29 66 64.89167
29 67 79.97306
29 68 81.87489
29 69 88.77683
29 70 114.24233
29 71 95.68523
29 72 90.13662
29 73 45.36003
29 74 46.43755
29 75 103.91720
29 76 79.79897
29 77 74.08308
29 78 89.04781
29 79 31.51796
29 80 53.18244
29 81 105.96261
29 82 76.17757
29 83 65.30482
29 84 52.58858
29 85 86.70951
29 86 67.20413
29 87 86.43597
29 88 97.69529
29 89 88.14875
29 90 48.49371
29 91 59.27226
29 92 46.81549
29 93 70.21296
29 94 88.90174
29 95 102.92152
29 96 94.95432
29 97 67.31449
29 98 70.04128
29 99 61.26705
30 31 99.71098
30 32 64.00703
30 33 121.14016
30 34 102.04668
30 35 112.93691
30 36 81.34440
30 37 75.74064
30 38 68.00423
30 39 51.90404
30 40 93.60278
30 41 92.04599
30 42 92.12226
30 43 73.06240
30 44 106.66515
30 45 55.62427
30 46 52.24512
30 47 83.43661
30 48 85.50875
30 49 103.09133
30 50 18.05100
30 51 87.12540
30 52 84.29747
30 53 92.44373
30 54 82.78101
30 55 63.44059
30 56 52.26503
30 57 82.69128
30 58 106.42532
30 59 69.51356
30 60 87.43037
30 61 52.43872
30 62 84.19338
30 63 84.45883
30 64 89.86691
30 65 96.67735
30 66 49.26808
30 67 31.19438
30 68 48.56157
30 69 60.19262
30 70 59.50759
30 71 41.90627
30 72 41.05053
30 73 77.06596
30 74 42.96840
30 75 77.39991
30 76 36.67477
30 77 56.40928
30 78 63.13505
30 79 102.82199
30 80 72.25441
30 81 41.68038
30 82 78.31561
30 83 110.78645
30 84 83.59871
30 85 84.31554
30 86 103.39059
30 87 82.26022
30 88 40.43215
30 89 59.17985
30 90 68.28173
30 91 74.53034
30 92 87.00161
30 93 60.21500
30 94 102.24180
30 95 52.37153
30 96 87.62138
30 97 101.07846
30 98 64.96975
30 99 81.40569
31 32 71.52564
31 33 76.36365
31 34 50.41957
31 35 72.53088
31 36 122.84799
31 37 83.96169
31 38 81.06989
31 39 114.96130
31 40 99.03264
31 41 103.58916
31 42 112.92236
31 43 120.65485
31 44 82.61531
31 45 73.04868
31 46 89.95323
31 47 25.26291
31 48 63.27967
31 49 71.63863
31 50 86.96635
31 51 68.40272
31 52 43.49498
31 53 77.32417
31 54 52.76648
31 55 73.38117
31 56 63.86436
31 57 73.95025
31 58 27.97300
31 59 109.73359
31 60 50.89968
31 61 84.68858
31 62 87.63499
31 63 80.58802
31 64 90.37095
31 65 84.56850
31 66 66.54453
31 67 89.57415
31 68 108.06231
31 69 80.97234
31 70 130.57314
31 71 97.29659
31 72 83.68917
31 73 58.10877
31 74 74.80810
31 75 105.96187
31 76 90.34389
31 77 55.60687
31 78 59.25870
31 79 99.87029
31 80 65.04527
31 81 117.01361
31 82 58.58149
31 83 63.81018
31 84 32.90831
31 85 90.01449
31 86 59.85071
31 87 89.74035
31 88 108.92280
31 89 133.50725
31 90 69.88521
31 91 93.99427
31 92 108.22992
31 93 105.74809
31 94 89.66896
31 95 105.46670
31 96 115.72505
31 97 51.61968
31 98 66.57899
31 99 60.25317
32 33 77.56344
32 34 101.55276
32 35 96.62278
32 36 72.67409
32 37 62.87170
32 38 52.61385
32 39 94.04204
32 40 81.35749
32 41 99.46638
32 42 105.49194
32 43 83.39513
32 44 74.44620
32 45 37.23157
32 46 74.38704
32 47 55.12021
32 48 65.31251
32 49 89.27557
32 50 63.99746
32 51 100.48139
32 52 57.17207
32 53 60.78192
32 54 75.13314
32 55 42.58382
32 56 37.87957
32 57 61.14734
32 58 80.25571
32 59 68.50373
32 60 65.73766
32 61 70.70465
32 62 62.56969
32 63 81.56834
32 64 80.79185
32 65 76.71645
32 66 64.36847
32 67 49.00262
32 68 57.71629
32 69 61.50127
32 70 80.12510
32 71 83.94330
32 72 74.31293
32 73 67.40984
32 74 46.08873
32 75 78.14550
32 76 76.45257
32 77 50.01847
32 78 79.34962
32 79 62.32349
32 80 54.36015
32 81 90.77421
32 82 64.75833
32 83 87.11556
32 84 62.68959
32 85 95.63042
32 86 90.00739
32 87 79.97713
32 88 63.96322
32 89 81.27689
32 90 64.93328
32 91 82.50511
32 92 60.10955
32 93 64.68624
32 94 101.86706
32 95 98.02201
32 96 84.68980
32 97 58.49284
32 98 30.27700
32 99 43.58387
33 34 113.78169
33 35 65.81311
33 36 100.12897
33 37 106.45492
33 38 86.06165
33 39 145.10721
33 40 108.43407
33 41 87.37402
33 42 117.01006
33 43 101.93516
33 44 80.42707
33 45 90.88449
33 46 91.95602
33 47 77.04812
33 48 59.46145
33 49 67.14092
33 50 115.97367
33 51 114.56021
33 52 60.96330
33 53 66.25961
33 54 112.39551
33 55 64.45017
33 56 75.22992
33 57 107.35824
33 58 80.78024
33 59 97.52315
33 60 105.68710
33 61 94.31718
33 62 62.94222
33 63 69.56908
33 64 81.52450
33 65 64.58186
33 66 89.52443
33 67 114.66421
33 68 109.99854
33 69 89.01774
33 70 150.06262
33 71 128.48703
33 72 107.86023
33 73 83.79571
33 74 88.82217
33 75 94.82732
33 76 117.02867
33 77 90.88226
33 78 110.12830
33 79 73.09065
33 80 89.59162
33 81 141.59317
33 82 103.97555
33 83 89.85072
33 84 81.23479
33 85 134.68115
33 86 63.69672
33 87 73.88736
33 88 130.53047
33 89 121.95895
33 90 98.01161
33 91 92.39918
33 92 73.99334
33 93 114.30634
33 94 138.86971
33 95 138.68930
33 96 82.29570
33 97 76.06297
33 98 95.74155
33 99 87.64314
34 35 80.37798
34 36 136.54434
34 37 107.07168
34 38 90.25556
34 39 113.23122
34 40 103.53027
34 41 111.58972
34 42 116.86910
34 43 131.70619
34 44 122.97099
34 45 101.51907
34 46 96.58286
34 47 64.82642
34 48 75.33994
34 49 99.59544
34 50 86.74238
34 51 67.28310
34 52 74.24834
34 53 102.40511
34 54 71.25495
34 55 101.31626
34 56 86.39745
34 57 105.91081
34 58 59.37749
34 59 124.84348
34 60 75.18927
34 61 88.96436
34 62 113.99547
34 63 85.30092
34 64 98.50797
34 65 116.74258
34 66 70.13314
34 67 95.75330
34 68 115.86484
34 69 98.64268
34 70 145.30315
34 71 80.80460
34 72 86.80067
34 73 61.35833
34 74 85.02477
34 75 123.20046
34 76 85.54251
34 77 77.81279
34 78 56.81971
34 79 129.00537
34 80 69.82207
34 81 103.39320
34 82 84.41072
34 83 91.14896
34 84 46.40055
34 85 69.88160
34 86 75.30434
34 87 100.86727
34 88 123.33328
34 89 144.59154
34 90 77.78294
34 91 97.91956
34 92 133.79765
34 93 124.33366
34 94 77.54758
34 95 96.69378
34 96 136.54610
34 97 77.90747
34 98 93.40447
34 99 80.09824
35 36 99.13672
35 37 129.14647
35 38 70.87925
35 39 125.38381
35 40 80.66464
35 41 88.23488
35 42 84.35455
35 43 91.28013
35 44 121.10303
35 45 105.69421
35 46 79.53088
35 47 83.19874
35 48 41.03783
35 49 79.37209
35 50 101.78513
35 51 93.06441
35 52 54.36375
35 53 60.19629
35 54 109.07136
35 55 85.03384
35 56 75.24509
35 57 127.75949
35 58 67.54486
35 59 89.80434
35 60 101.61277
35 61 90.68777
35 62 94.11409
35 63 45.30352
35 64 47.28442
35 65 97.80467
35 66 68.72149
35 67 113.33427
35 68 113.06042
35 69 103.20628
35 70 159.28773
35 71 103.51945
35 72 98.00526
35 73 49.02026
35 74 75.63080
35 75 116.20465
35 76 91.99864
35 77 96.29585
35 78 92.07080
35 79 85.60121
35 80 74.82684
35 81 120.60269
35 82 104.59328
35 83 78.52097
35 84 60.62504
35 85 96.40998
35 86 32.75640
35 87 78.86772
35 88 137.43077
35 89 120.47974
35 90 72.67471
35 91 59.02951
35 92 89.13934
35 93 113.43253
35 94 104.00777
35 95 111.99592
35 96 104.25930
35 97 88.35178
35 98 111.56060
35 99 94.32294
36 37 122.24527
36 38 49.49739
36 39 106.40970
36 40 67.01754
36 41 105.99897
36 42 92.81986
36 43 45.01538
36 44 131.90428
36 45 93.61092
36 46 80.16647
36 47 114.33462
36 48 74.59837
36 49 123.10355
36 50 86.43678
36 51 137.06940
36 52 92.11111
36 53 66.56162
36 54 133.21103
36 55 79.41900
36 56 72.73627
36 57 128.62521
36 58 124.04113
36 59 41.17883
36 60 121.04451
36 61 90.90508
36 62 90.23425
36 63 78.88975
36 64 61.16728
36 65 113.46817
36 66 84.86755
36 67 81.70046
36 68 60.06435
36 69 100.77900
36 70 111.32034
36 71 92.60992
36 72 101.29567
36 73 81.59718
36 74 60.48277
36 75 102.00838
36 76 86.04052
36 77 105.46836
36 78 119.80214
36 79 57.06984
36 80 76.51987
36 81 89.54072
36 82 120.16508
36 83 120.90800
36 84 99.80879
36 85 106.49428
36 86 107.76611
36 87 89.93849
36 88 100.80208
36 89 50.43987
36 90 82.58438
36 91 65.62006
36 92 37.35349
36 93 79.11806
36 94 120.92560
36 95 110.63255
36 96 86.57465
36 97 106.61503
36 98 98.82285
36 99 92.33871
37 38 102.05717
37 39 112.99758
37 40 135.76698
37 41 95.03719
37 42 143.16599
37 43 123.52267
37 44 57.19576
37 45 54.34379
37 46 88.42361
37 47 65.20971
37 48 98.36808
37 49 91.05319
37 50 77.33839
37 51 98.25617
37 52 92.43855
37 53 115.43478
37 54 75.06807
37 55 59.71864
37 56 74.17226
37 57 47.44740
37 58 103.89611
37 59 117.62715
37 60 88.73627
37 61 65.19458
37 62 63.49062
37 63 104.18745
37 64 128.03624
37 65 70.51781
37 66 83.09217
37 67 62.39030
37 68 78.70088
37 69 40.82573
37 70 84.94200
37 71 93.18235
37 72 70.44556
37 73 105.95509
37 74 85.75957
37 75 58.73323
37 76 97.08376
37 77 47.00213
37 78 77.64372
37 79 122.59254
37 80 90.57040
37 81 101.10047
37 82 79.04272
37 83 121.39718
37 84 92.03897
37 85 127.25516
37 86 113.54415
37 87 82.46387
37 88 67.39548
37 89 114.31522
37 90 106.96008
37 91 121.68491
37 92 111.90391
37 93 103.29291
37 94 137.27399
37 95 110.11338
37 96 90.73232
37 97 78.74638
37 98 44.56321
37 99 72.08472
38 39 92.07474
38 40 39.86496
38 41 99.12296
38 42 84.58443
38 43 65.24198
38 44 116.71769
38 45 75.54843
38 46 70.00176
38 47 77.77110
38 48 42.04991
38 49 104.58905
38 50 64.14781
38 51 105.15411
38 52 59.69598
38 53 46.66160
38 54 97.06869
38 55 67.61430
38 56 49.33226
38 57 104.66225
38 58 83.65228
38 59 52.98867
38 60 83.04530
38 61 74.07088
38 62 83.72177
38 63 59.64358
38 64 43.41357
38 65 103.64681
38 66 56.84662
38 67 60.07327
38 68 57.29288
38 69 85.45793
38 70 108.46603
38 71 66.22049
38 72 81.86677
38 73 38.09748
38 74 33.14945
38 75 98.75078
38 76 64.08338
38 77 77.22231
38 78 85.21352
38 79 57.04577
38 80 30.22668
38 81 73.93904
38 82 89.07358
38 83 90.61389
38 84 53.32465
38 85 65.00166
38 86 79.80357
38 87 79.23424
38 88 91.94972
38 89 76.21760
38 90 48.04073
38 91 52.63683
38 92 57.47810
38 93 75.46355
38 94 79.13242
38 95 90.93542
38 96 96.37450
38 97 68.90927
38 98 71.40164
38 99 54.51731
39 40 97.99418
39 41 124.49982
39 42 72.17625
39 43 84.39200
39 44 130.66869
39 45 75.32913
39 46 74.17000
39 47 99.78412
39 48 112.49563
39 49 116.42574
39 50 45.79670
39 51 82.18415
39 52 93.55659
39 53 100.51601
39 54 84.33674
39 55 94.80183
39 56 71.30672
39 57 98.41883
39 58 109.82779
39 59 76.97328
39 60 86.74117
39 61 92.91583
39 62 123.38130
39 63 111.37567
39 64 98.29574
39 65 122.95206
39 66 66.56152
39 67 75.19272
39 68 96.50821
39 69 99.57838
39 70 72.04376
39 71 72.46083
39 72 63.45617
39 73 87.83588
39 74 64.55315
39 75 121.04713
39 76 39.76252
39 77 78.83658
39 78 69.64808
39 79 115.52157
39 80 100.82952
39 81 75.00637
39 82 75.82413
39 83 100.76297
39 84 98.28614
39 85 83.79312
39 86 111.74324
39 87 120.40569
39 88 61.00391
39 89 77.71917
39 90 64.40350
39 91 78.55206
39 92 107.60574
39 93 51.41382
39 94 92.51505
39 95 27.54913
39 96 121.17284
39 97 132.64771
39 98 95.30480
39 99 113.99599
40 41 131.94249
40 42 78.90929
40 43 78.74911
40 44 145.39854
40 45 100.13816
40 46 96.52653
40 47 99.34463
40 48 70.21429
40 49 127.75953
40 50 87.10744
40 51 119.77247
40 52 74.43826
40 53 50.19857
40 54 111.91417
40 55 100.12184
40 56 74.20609
40 57 127.75072
40 58 91.37515
40 59 61.70719
40 60 90.60027
40 61 109.36228
40 62 120.36153
40 63 87.34219
40 64 45.80626
40 65 134.28641
40 66 80.65538
40 67 90.15170
40 68 92.25222
40 69 121.20265
40 70 127.44219
40 71 90.05325
40 72 108.54507
40 73 48.80562
40 74 58.73281
40 75 136.79462
40 76 79.59381
40 77 104.12038
40 78 104.43227
40 79 61.14376
40 80 58.18749
40 81 96.82594
40 82 101.52632
40 83 88.57857
40 84 68.55795
40 85 58.62912
40 86 93.55270
40 87 115.03770
40 88 114.54081
40 89 94.38313
40 90 48.63518
40 91 60.37256
40 92 75.59808
40 93 83.15862
40 94 63.22825
40 95 100.69231
40 96 129.20911
40 97 95.20641
40 98 98.98069
40 99 82.27543
41 42 113.97110
41 43 90.28353
41 44 96.39091
41 45 95.91686
41 46 52.10886
41 47 97.85957
41 48 73.76884
41 49 67.16899
41 50 90.38200
41 51 96.75763
41 52 91.73053
41 53 107.60368
41 54 119.47620
41 55 62.22041
41 56 81.11212
41 57 117.06851
41 58 114.96110
41 59 102.94464
41 60 130.00902
41 61 44.77202
41 62 51.13769
41 63 50.60389
41 64 97.09813
41 65 59.89784
41 66 69.37634
41 67 99.35355
41 68 90.46204
41 69 56.13154
41 70 136.64070
41 71 93.26176
41 72 67.90023
41 73 97.09879
41 74 86.10892
41 75 50.27434
41 76 91.61969
41 77 84.99102
41 78 91.73051
41 79 121.31812
41 80 101.24355
41 81 103.54470
41 82 118.27282
41 83 127.61108
41 84 102.25467
41 85 135.76585
41 86 78.53751
41 87 26.12109
41 88 114.51079
41 89 101.81523
41 90 110.47202
41 91 86.90310
41 92 98.39371
41 93 118.62783
41 94 154.17416
41 95 108.29517
41 96 45.36049
41 97 109.28406
41 98 108.23288
41 99 109.99854
42 43 58.92751
42 44 138.40834
42 45 97.48576
42 46 70.17940
42 47 106.78586
42 48 92.84075
42 49 99.87847
42 50 82.71609
42 51 89.45648
42 52 75.52921
42 53 69.27967
42 54 109.64926
42 55 95.90436
42 56 72.63678
42 57 127.93963
42 58 97.81151
42 59 56.82175
42 60 102.95992
42 61 104.48014
42 62 121.72839
42 63 87.65688
42 64 56.63256
42 65 117.57009
42 66 68.07526
42 67 110.85881
42 68 116.73267
42 69 116.31865
42 70 126.33808
42 71 100.71066
42 72 86.95328
42 73 71.78946
42 74 68.39213
42 75 132.57069
42 76 62.76482
42 77 100.91325
42 78 91.48018
42 79 89.65429
42 80 104.08684
42 81 109.30843
42 82 95.72073
42 83 77.91718
42 84 94.34315
42 85 94.72710
42 86 76.87254
42 87 112.70887
42 88 110.91387
42 89 84.11269
42 90 57.38615
42 91 39.16490
42 92 85.86839
42 93 67.71277
42 94 99.73221
42 95 68.34057
42 96 112.69993
42 97 135.82425
42 98 121.69087
42 99 125.92326
43 44 125.37188
43 45 86.43678
43 46 54.27939
43 47 110.09054
43 48 78.97956
43 49 102.06062
43 50 74.64922
43 51 113.40884
43 52 83.16998
43 53 66.59447
43 54 123.36281
43 55 72.12428
43 56 62.96519
43 57 123.68661
43 58 116.97755
43 59 25.56576
43 60 117.24945
43 61 81.78030
43 62 89.82623
43 63 71.02574
43 64 54.15235
43 65 100.30445
43 66 67.56294
43 67 88.61201
43 68 77.09545
43 69 93.59913
43 70 107.79227
43 71 89.27866
43 72 80.87576
43 73 78.82960
43 74 55.04079
43 75 98.19277
43 76 66.13233
43 77 96.50111
43 78 103.74590
43 79 70.59302
43 80 91.33401
43 81 89.60055
43 82 108.97730
43 83 106.99546
43 84 100.74542
43 85 108.24220
43 86 90.57883
43 87 84.44984
43 88 94.14890
43 89 36.87896
43 90 73.38734
43 91 41.42646
43 92 46.04386
43 93 63.05447
43 94 122.18462
43 95 84.93487
43 96 73.72425
43 97 122.72594
43 98 106.66631
43 99 110.16665
44 45 60.36955
44 46 95.16546
44 47 64.61975
44 48 103.25124
44 49 61.73390
44 50 104.33884
44 51 98.80957
44 52 82.29996
44 53 106.97150
44 54 83.00104
44 55 57.21976
44 56 77.60954
44 57 52.94492
44 58 94.56214
44 59 119.46227
44 60 93.41603
44 61 88.28530
44 62 61.96975
44 63 107.84133
44 64 127.32423
44 65 40.78880
44 66 94.13216
44 67 101.67230
44 68 112.00458
44 69 61.61183
44 70 112.20699
44 71 128.69455
44 72 88.54253
44 73 113.65510
44 74 99.76376
44 75 74.80443
44 76 115.78044
44 77 61.50699
44 78 93.01139
44 79 113.49612
44 80 112.70740
44 81 139.85945
44 82 78.58067
44 83 103.51767
44 84 100.74581
44 85 150.82756
44 86 99.18536
44 87 89.74427
44 88 94.90056
44 89 126.56487
44 90 113.40433
44 91 123.27439
44 92 106.10511
44 93 106.35888
44 94 154.12991
44 95 127.61527
44 96 84.77982
44 97 92.85093
44 98 71.83704
44 99 96.17391
45 46 64.28467
45 47 49.15982
45 48 82.46702
45 49 73.84562
45 50 53.04262
45 51 77.73381
45 52 57.79036
45 53 74.95782
45 54 55.21636
45 55 39.22818
45 56 33.83495
45 57 37.49902
45 58 78.46299
45 59 74.66539
45 60 58.15574
45 61 66.88255
45 62 67.82555
45 63 89.87964
45 64 92.64828
45 65 65.42244
45 66 56.41946
45 67 54.82711
45 68 74.34681
45 69 51.80202
45 70 64.59879
45 71 84.86525
45 72 54.17526
45 73 77.00871
45 74 51.38087
45 75 75.64723
45 76 65.84607
45 77 28.94914
45 78 60.70181
45 79 83.78042
45 80 77.15156
45 81 93.26738
45 82 42.64256
45 83 79.85787
45 84 71.79201
45 85 102.95551
45 86 87.91608
45 87 84.66023
45 88 44.35233
45 89 82.14399
45 90 65.72945
45 91 84.54812
45 92 76.84873
45 93 52.23191
45 94 107.75236
45 95 78.85145
45 96 82.71133
45 97 82.30962
45 98 37.96616
45 99 69.99110
46 47 78.56034
46 48 64.25619
46 49 65.67335
46 50 47.58534
46 51 70.54116
46 52 65.27829
46 53 77.65027
46 54 90.24557
46 55 45.95634
46 56 44.06647
46 57 94.55020
46 58 93.21438
46 59 62.22578
46 60 96.80215
46 61 37.67131
46 62 63.68510
46 63 48.95943
46 64 67.72838
46 65 67.67702
46 66 29.79416
46 67 69.76977
46 68 70.97365
46 69 52.41469
46 70 99.80705
46 71 63.69603
46 72 33.22957
46 73 66.79282
46 74 44.99903
46 75 65.36977
46 76 43.46986
46 77 59.25196
46 78 61.38528
46 79 94.56811
46 80 79.42621
46 81 73.62086
46 82 83.79039
46 83 95.95392
46 84 78.84155
46 85 99.43465
46 86 66.08807
46 87 51.37061
46 88 77.74377
46 89 65.06649
46 90 67.87240
46 91 48.34940
46 92 74.18111
46 93 71.37692
46 94 116.04314
46 95 61.10070
46 96 56.78449
46 97 102.84047
46 98 85.31406
46 99 93.98240
47 48 67.47629
47 49 63.79671
47 50 72.35004
47 51 62.39455
47 52 39.49774
47 53 73.96519
47 54 37.59995
47 55 56.75350
47 56 48.28838
47 57 50.03937
47 58 38.87349
47 59 98.45454
47 60 40.36296
47 61 74.31711
47 62 76.18305
47 63 81.87341
47 64 90.75489
47 65 70.79560
47 66 57.61982
47 67 74.81861
47 68 96.03056
47 69 64.80128
47 70 107.93365
47 71 90.71409
47 72 68.58943
47 73 61.49498
47 74 63.97335
47 75 92.02799
47 76 79.37870
47 77 33.65752
47 78 49.38286
47 79 93.34248
47 80 65.94488
47 81 108.04318
47 82 39.53391
47 83 62.13103
47 84 40.98029
47 85 92.57782
47 86 65.45556
47 87 84.67178
47 88 86.48753
47 89 118.02576
47 90 64.30429
47 91 89.92647
47 92 97.66141
47 93 87.49529
47 94 93.35287
47 95 93.50632
47 96 102.85618
47 97 56.25255
47 98 47.95425
47 99 57.14590
48 49 79.90502
48 50 78.21900
48 51 93.64088
48 52 49.33864
48 53 54.27126
48 54 96.70728
48 55 59.79652
48 56 54.23907
48 57 106.28652
48 58 70.61131
48 59 75.56468
48 60 89.77222
48 61 63.10733
48 62 66.22785
48 63 29.92728
48 64 47.39141
48 65 83.31164
48 66 52.88546
48 67 79.04620
48 68 75.38413
48 69 75.16380
48 70 131.66599
48 71 77.57868
48 72 79.45827
48 73 38.71928
48 74 51.39342
48 75 86.84515
48 76 76.76514
48 77 74.26720
48 78 80.25459
48 79 72.63261
48 80 42.02126
48 81 92.31763
48 82 93.08459
48 83 87.62775
48 84 46.15997
48 85 84.62132
48 86 52.00776
48 87 54.29116
48 88 110.39066
48 89 98.38837
48 90 64.32476
48 91 57.39083
48 92 70.11382
48 93 98.22754
48 94 98.10561
48 95 102.33716
48 96 84.00410
48 97 58.88868
48 98 80.36200
48 99 60.16206
49 50 94.35374
49 51 65.18398
49 52 58.55245
49 53 88.14834
49 54 83.54557
49 55 55.95641
49 56 65.98862
49 57 85.11958
49 58 73.62948
49 59 102.63843
49 60 94.08711
49 61 74.86968
49 62 66.59646
49 63 73.54374
49 64 95.54810
49 65 37.84860
49 66 66.74245
49 67 109.23042
49 68 117.04674
49 69 66.90147
49 70 132.49467
49 71 114.64529
49 72 70.84506
49 73 87.91579
49 74 85.36182
49 75 82.52451
49 76 93.44878
49 77 64.47070
49 78 73.49446
49 79 107.27183
49 80 105.43537
49 81 130.52162
49 82 78.81564
49 83 79.43425
49 84 84.47218
49 85 132.57866
49 86 50.51688
49 87 70.37481
49 88 109.94180
49 89 118.37000
49 90 92.43559
49 91 87.86395
49 92 98.63726
49 93 101.62540
49 94 138.11737
49 95 103.94650
49 96 74.75960
49 97 101.62847
49 98 95.45345
49 99 106.55805
50 51 71.33224
50 52 72.64886
50 53 85.33865
50 54 69.92478
50 55 62.28223
50 56 44.94412
50 57 78.68795
50 58 91.91988
50 59 69.55511
50 60 75.15731
50 61 51.36790
50 62 85.78882
50 63 78.12288
50 64 82.21710
50 65 94.17767
50 66 36.13961
50 67 36.95313
50 68 59.27772
50 69 60.79626
50 70 69.61935
50 71 37.65246
50 72 33.22343
50 73 64.53680
50 74 36.08671
50 75 82.83451
50 76 23.35295
50 77 48.08130
50 78 47.17001
50 79 100.78202
50 80 65.97216
50 81 46.26924
50 82 66.75776
50 83 97.29113
50 84 70.56292
50 85 72.43218
50 86 90.76241
50 87 81.18944
50 88 48.43933
50 89 69.01115
50 90 55.46073
50 91 66.42812
50 92 89.07687
50 93 59.14939
50 94 89.32996
50 95 40.83799
50 96 91.83720
50 97 95.50105
50 98 63.52100
50 99 77.62375
51 52 67.19701
51 53 101.43687
51 54 52.83796
51 55 83.60933
51 56 70.69202
51 57 83.83321
51 58 65.63499
51 59 110.01893
51 60 72.01492
51 61 79.93900
51 62 105.08163
51 63 90.40221
51 64 101.48135
51 65 89.75965
51 66 54.21268
51 67 97.88437
51 68 120.63238
51 69 82.23016
51 70 120.93240
51 71 89.03499
51 72 54.97636
51 73 77.49521
51 74 79.83485
51 75 109.37859
51 76 66.35388
51 77 57.71620
51 78 30.42517
51 79 128.14238
51 80 99.75319
51 81 108.18104
51 82 58.86077
51 83 74.43081
51 84 73.04361
51 85 97.79773
51 86 66.68455
51 87 98.00394
51 88 98.53343
51 89 124.50652
51 90 74.00956
51 91 86.99702
51 92 124.74821
51 93 96.00541
51 94 102.50227
51 95 63.67607
51 96 114.45609
51 97 110.42801
51 98 94.91910
51 99 107.38335
52 53 39.90562
52 54 63.35741
52 55 53.67193
52 56 35.27428
52 57 77.67420
52 58 35.79189
52 59 71.48061
52 60 54.02063
52 61 76.96631
52 62 77.21859
52 63 62.85773
52 64 56.35434
52 65 72.96552
52 66 47.07260
52 67 83.18316
52 68 95.10535
52 69 76.63285
52 70 116.33141
52 71 91.36628
52 72 71.50751
52 73 39.39996
52 74 48.94125
52 75 98.71686
52 76 69.71534
52 77 53.72251
52 78 61.08176
52 79 66.06329
52 80 61.99787
52 81 107.62962
52 82 53.20995
52 83 41.53912
52 84 37.64376
52 85 85.40804
52 86 39.45488
52 87 79.73869
52 88 95.36152
52 89 101.35159
52 90 42.93406
52 91 58.79157
52 92 72.73122
52 93 73.58681
52 94 86.30409
52 95 87.47636
52 96 93.57681
52 97 69.34933
52 98 68.90788
52 99 68.66557
53 54 95.36408
53 55 68.30779
53 56 48.71441
53 57 102.93760
53 58 67.70847
53 59 49.80981
53 60 77.13672
53 61 94.72081
53 62 89.87775
53 63 70.27641
53 64 36.68774
53 65 94.90991
53 66 66.73564
53 67 91.19569
53 68 92.96779
53 69 98.16469
53 70 121.44597
53 71 101.49628
53 72 93.72418
53 73 46.22033
53 74 50.98099
53 75 113.31120
53 76 79.82548
53 77 82.40469
53 78 92.53119
53 79 31.40630
53 80 64.88364
53 81 112.00471
53 82 80.26820
53 83 59.09590
53 84 59.50174
53 85 88.55816
53 86 62.76064
53 87 92.95583
53 88 105.07854
53 89 88.62735
53 90 45.96738
53 91 50.99979
53 92 48.09539
53 93 69.01569
53 94 89.24158
53 95 101.06223
53 96 99.02365
53 97 82.78761
53 98 84.36073
53 99 77.49500
54 55 79.66338
54 56 64.10038
54 57 45.97048
54 58 55.48270
54 59 110.52852
54 60 31.12411
54 61 89.75612
54 62 103.90466
54 63 107.30465
54 64 109.98603
54 65 94.11472
54 66 67.72543
54 67 79.84800
54 68 110.55412
54 69 80.94073
54 70 97.79836
54 71 92.91894
54 72 69.46928
54 73 78.30745
54 74 76.07265
54 75 111.39307
54 76 77.00379
54 77 40.62025
54 78 40.60409
54 79 115.50256
54 80 86.08525
54 81 109.22984
54 82 23.42420
54 83 68.33385
54 84 61.50728
54 85 91.14029
54 86 88.05269
54 87 110.44980
54 88 78.84093
54 89 126.05185
54 90 69.03768
54 91 103.02226
54 92 119.65284
54 93 85.59760
54 94 88.17747
54 95 80.38281
54 96 124.66821
54 97 86.18906
54 98 59.60769
54 99 79.88983
55 56 32.92130
55 57 66.48133
55 58 82.53229
55 59 69.14045
55 60 82.82686
55 61 45.90930
55 62 32.57336
55 63 60.65042
55 64 78.49284
55 65 39.65952
55 66 49.34821
55 67 63.45057
55 68 65.21145
55 69 34.42199
55 70 91.72198
55 71 83.78122
55 72 52.76365
55 73 71.98476
55 74 49.63990
55 75 49.26923
55 76 70.66927
55 77 42.70894
55 78 70.17124
55 79 77.13421
55 80 72.17574
55 81 93.20401
55 82 70.90685
55 83 89.04865
55 84 71.68503
55 85 111.49463
55 86 70.67107
55 87 49.56020
55 88 70.40562
55 89 76.49918
55 90 74.03009
55 91 72.37864
55 92 60.67646
55 93 71.15725
55 94 122.06811
55 95 90.44379
55 96 48.67618
55 97 76.13454
55 98 56.21194
55 99 70.54073
56 57 66.40424
56 58 65.27115
56 59 52.13765
56 60 60.29715
56 61 55.94046
56 62 63.10365
56 63 61.27222
56 64 59.55298
56 65 66.58469
56 66 32.05357
56 67 55.09782
56 68 66.65771
56 69 55.31703
56 70 85.27110
56 71 70.57236
56 72 48.56625
56 73 47.62998
56 74 24.28736
56 75 76.93859
56 76 48.18447
56 77 38.09629
56 78 55.02573
56 79 65.21588
56 80 57.08200
56 81 82.00607
56 82 51.95973
56 83 66.89532
56 84 52.03632
56 85 83.63575
56 86 62.25860
56 87 68.36108
56 88 63.89391
56 89 71.00275
56 90 41.70937
56 91 52.52924
56 92 58.32838
56 93 49.81895
56 94 91.78092
56 95 69.07912
56 96 74.50082
56 97 74.67180
56 98 52.34005
56 99 63.70111
57 58 83.50196
57 59 111.36058
57 60 57.94213
57 61 88.63291
57 62 86.69338
57 63 116.24542
57 64 123.91317
57 65 77.41002
57 66 82.84307
57 67 75.62341
57 68 101.11890
57 69 66.90709
57 70 78.13486
57 71 106.68334
57 72 75.53416
57 73 100.47776
57 74 83.81120
57 75 92.21715
57 76 93.60342
57 77 39.87601
57 78 69.34529
57 79 112.35783
57 80 97.25816
57 81 117.02001
57 82 43.52877
57 83 91.36193
57 84 85.20345
57 85 120.77546
57 86 106.80820
57 87 106.75075
57 88 62.46537
57 89 118.20063
57 90 91.10268
57 91 117.47735
57 92 110.79177
57 93 83.55203
57 94 121.02171
57 95 100.86838
57 96 108.90714
57 97 87.52482
57 98 43.49026
57 99 80.12751
58 59 104.13377
58 60 45.96822
58 61 98.76513
58 62 102.60981
58 63 86.88013
58 64 82.68276
58 65 94.41583
58 66 69.21319
58 67 101.59836
58 68 120.46728
58 69 97.11109
58 70 135.54034
58 71 106.44810
58 72 90.57774
58 73 54.37834
58 74 76.17916
58 75 122.62600
58 76 89.52137
58 77 66.68474
58 78 64.11292
58 79 93.79812
58 80 75.16398
58 81 125.90041
58 82 54.60196
58 83 38.83617
58 84 37.61184
58 85 87.15668
58 86 52.91063
58 87 103.76375
58 88 114.96358
58 89 133.98109
58 90 59.69511
58 91 86.76044
58 92 106.95851
58 93 99.11772
58 94 80.48737
58 95 101.81301
58 96 124.45572
58 97 72.14323
58 98 80.85900
58 99 77.12778
59 60 99.48677
59 61 86.79604
59 62 92.16009
59 63 77.18050
59 64 48.51112
59 65 101.68263
59 66 65.38251
59 67 80.21635
59 68 74.87939
59 69 94.45952
59 70 97.63692
59 71 88.52843
59 72 82.29326
59 73 68.37357
59 74 44.32687
59 75 104.25144
59 76 62.97005
59 77 88.31524
59 78 98.06916
59 79 52.15526
59 80 80.25607
59 81 90.10530
59 82 94.10889
59 83 91.78978
59 84 88.56219
59 85 95.88684
59 86 88.83935
59 87 92.63292
59 88 85.13814
59 89 42.33058
59 90 57.26492
59 91 42.10766
59 92 37.24886
59 93 46.18513
59 94 105.42341
59 95 82.70987
59 96 85.27473
59 97 111.10296
59 98 92.82693
59 99 96.83262
60 61 100.20670
60 62 108.99827
60 63 106.94019
60 64 97.05859
60 65 104.08680
60 66 71.93658
60 67 80.38741
60 68 108.45727
60 69 93.88092
60 70 101.05769
60 71 97.01890
60 72 84.17513
60 73 66.44389
60 74 69.43674
60 75 122.37315
60 76 79.69106
60 77 53.99225
60 78 58.57638
60 79 95.65472
60 80 74.61085
60 81 112.00481
60 82 26.49094
60 83 53.71751
60 84 50.49173
60 85 78.75184
60 86 86.93585
60 87 116.85322
60 88 84.74612
60 89 122.34111
60 90 54.31026
60 91 96.08519
60 92 107.67685
60 93 77.79036
60 94 69.25987
60 95 88.15532
60 96 130.52838
60 97 77.28027
60 98 57.22598
60 99 69.32808
61 62 49.43464
61 63 52.41774
61 64 88.03136
61 65 66.01051
61 66 43.20905
61 67 56.65332
61 68 57.17056
61 69 29.84817
61 70 100.79493
61 71 54.72829
61 72 36.92210
61 73 75.67403
61 74 56.36759
61 75 42.27542
61 76 60.47000
61 77 53.59843
61 78 62.14244
61 79 108.93461
61 80 71.28210
61 81 65.60570
61 82 90.52049
61 83 113.80545
61 84 77.80871
61 85 103.35549
61 86 80.65677
61 87 35.13483
61 88 77.95329
61 89 83.07987
61 90 84.60555
61 91 76.25094
61 92 89.53339
61 93 93.02441
61 94 123.05996
61 95 79.53823
61 96 58.92805
61 97 86.34795
61 98 73.09185
61 99 78.80531
62 63 63.28582
62 64 95.90061
62 65 38.73707
62 66 72.04645
62 67 79.49026
62 68 70.75590
62 69 37.64983
62 70 113.43063
62 71 97.48463
62 72 72.69731
62 73 91.82346
62 74 74.56961
62 75 32.34436
62 76 95.47009
62 77 66.09756
62 78 92.20787
62 79 94.68930
62 80 84.44524
62 81 105.67673
62 82 99.34190
62 83 115.35304
62 84 89.59622
62 85 132.48141
62 86 84.69659
62 87 35.87772
62 88 93.54092
62 89 93.65531
62 90 101.65491
62 91 93.12144
62 92 74.98069
62 93 101.82992
62 94 145.97096
62 95 116.33919
62 96 39.17071
62 97 79.22529
62 98 73.49101
62 99 79.65325
63 64 52.85461
63 65 78.20982
63 66 49.48698
63 67 86.80724
63 68 79.10441
63 69 71.09904
63 70 135.80618
63 71 76.10445
63 72 71.16766
63 73 54.75797
63 74 58.34867
63 75 77.98512
63 76 73.40822
63 77 80.06065
63 78 81.47113
63 79 88.76974
63 80 64.60645
63 81 89.94904
63 82 103.98455
63 83 100.02366
63 84 67.20998
63 85 97.89412
63 86 50.83738
63 87 38.50896
63 88 113.55584
63 89 92.92062
63 90 76.04263
63 91 52.13150
63 92 75.81098
63 93 102.67517
63 94 115.28094
63 95 96.89357
63 96 69.41736
63 97 83.95749
63 98 96.09753
63 99 83.97285
64 65 105.56106
64 66 60.29927
64 67 94.24473
64 68 90.58355
64 69 102.14370
64 70 132.75230
64 71 88.22634
64 72 90.20722
64 73 40.29346
64 74 50.36267
64 75 114.37914
64 76 70.27811
64 77 93.56181
64 78 93.36021
64 79 57.63081
64 80 65.04159
64 81 98.58629
64 82 99.02509
64 83 79.21426
64 84 66.10937
64 85 80.12373
64 86 59.70138
64 87 85.26628
64 88 114.88040
64 89 83.60233
64 90 49.93600
64 91 26.83858
64 92 58.71915
64 93 81.36011
64 94 89.84411
64 95 92.77100
64 96 97.82877
64 97 96.25982
64 98 102.25901
64 99 90.03550
65 66 75.62593
65 67 98.63447
65 68 100.39288
65 69 47.92798
65 70 118.96162
65 71 114.68909
65 72 72.46091
65 73 100.16283
65 74 86.24497
65 75 54.49452
65 76 100.56145
65 77 62.92220
65 78 86.98136
65 79 104.56400
65 80 104.89535
65 81 126.07220
65 82 88.35690
65 83 102.01180
65 84 95.61991
65 85 143.64421
65 86 76.79805
65 87 58.67919
65 88 98.33133
65 89 107.96250
65 90 104.56260
65 91 99.08646
65 92 89.06388
65 93 101.29088
65 94 152.18640
65 95 114.84952
65 96 51.35111
65 97 96.25597
65 98 83.85859
65 99 99.35707
66 67 59.57718
66 68 71.96533
66 69 56.29838
66 70 98.54369
66 71 52.13140
66 72 32.46328
66 73 43.27104
66 74 30.94343
66 75 78.64537
66 76 31.37857
66 77 44.62098
66 78 39.01549
66 79 89.34805
66 80 59.41951
66 81 68.66962
66 82 63.97744
66 83 77.24230
66 84 52.12750
66 85 74.37208
66 86 55.39161
66 87 61.51935
66 88 75.22251
66 89 78.95667
66 90 45.51141
66 91 45.68091
66 92 79.57670
66 93 68.11533
66 94 89.10933
66 95 52.48599
66 96 79.32900
66 97 84.66454
66 98 70.58684
66 99 75.34351
67 68 36.60691
67 69 59.23263
67 70 64.87469
67 71 46.27723
67 72 58.50687
67 73 74.88548
67 74 46.77235
67 75 76.61849
67 76 57.49615
67 77 54.25323
67 78 69.36213
67 79 98.53192
67 80 55.28535
67 81 48.00588
67 82 78.25931
67 83 112.97698
67 84 74.03829
67 85 80.81871
67 86 107.62253
67 87 82.49465
67 88 47.87511
67 89 75.92564
67 90 72.07182
67 91 87.18295
67 92 88.10936
67 93 73.52879
67 94 97.59433
67 95 76.81766
67 96 94.99651
67 97 78.38666
67 98 44.34740
67 99 56.19426
68 69 65.11317
68 70 83.57075
68 71 58.53605
68 72 74.36557
68 73 84.53307
68 74 55.48040
68 75 67.82616
68 76 73.44112
68 77 77.87605
68 78 95.28449
68 79 93.43250
68 80 61.70067
68 81 53.11494
68 82 105.97640
68 83 130.49373
68 84 90.37202
68 85 98.99769
68 86 113.79827
68 87 71.47617
68 88 70.17944
68 89 63.33809
68 90 88.15759
68 91 86.47469
68 92 74.76999
68 93 86.06399
68 94 119.17640
68 95 97.08270
68 96 80.16920
68 97 86.24966
68 98 67.17555
68 99 67.36943
69 70 91.27441
69 71 75.62605
69 72 43.72039
69 73 87.77470
69 74 65.72533
69 75 30.73477
69 76 74.91164
69 77 41.52397
69 78 65.38650
69 79 108.92437
69 80 81.11634
69 81 85.04237
69 82 80.87802
69 83 111.43118
69 84 82.95524
69 85 117.98055
69 86 87.68288
69 87 46.86458
69 88 68.89781
69 89 90.68517
69 90 92.22440
69 91 92.23832
69 92 90.95701
69 93 91.18237
69 94 132.65622
69 95 90.96164
69 96 56.51559
69 97 82.68098
69 98 59.61433
69 99 76.82022
70 71 97.40104
70 72 84.68974
70 73 121.34251
70 74 86.43047
70 75 105.74830
70 76 86.17001
70 77 81.46839
70 78 100.24770
70 79 121.71231
70 80 113.36018
70 81 91.67593
70 82 88.84356
70 83 131.93742
70 84 121.65026
70 85 123.99344
70 86 145.32768
70 87 127.35365
70 88 24.77034
70 89 81.57966
70 90 102.73775
70 91 120.01086
70 92 109.62585
70 93 65.38184
70 94 131.69850
70 95 89.33352
70 96 117.06084
70 97 129.50156
70 98 75.27489
70 99 108.29438
71 72 55.52243
71 73 68.70889
71 74 53.91786
71 75 91.86069
71 76 43.50332
71 77 73.14756
71 78 64.03447
71 79 117.61201
71 80 61.07257
71 81 23.13085
71 82 95.83460
71 83 120.07516
71 84 76.17948
71 85 64.62914
71 86 101.42439
71 87 81.99568
71 88 79.15257
71 89 86.16354
71 90 72.77437
71 91 76.42471
71 92 106.09541
71 93 92.13768
71 94 90.86171
71 95 61.11400
71 96 105.68147
71 97 97.03136
71 98 82.16515
71 99 80.14479
72 73 74.62457
72 74 52.24294
72 75 66.90625
72 76 39.60049
72 77 41.07664
72 78 39.33902
72 79 111.75536
72 80 81.89711
72 81 67.65692
72 82 68.75570
72 83 98.01787
72 84 77.45191
72 85 95.70850
72 86 79.64725
72 87 66.27953
72 88 60.92981
72 89 80.73762
72 90 71.18906
72 91 71.70410
72 92 95.99210
72 93 73.42321
72 94 111.18220
72 95 48.97299
72 96 75.99878
72 97 100.95249
72 98 72.93833
72 99 90.09133
73 74 39.42847
73 75 108.07830
73 76 57.37096
73 77 69.19596
73 78 63.94577
73 79 72.96887
73 80 39.54463
73 81 85.41940
73 82 73.61790
73 83 65.52122
73 84 28.68146
73 85 52.86509
73 86 53.03775
73 87 82.29157
73 88 101.14449
73 89 97.40367
73 90 31.17654
73 91 46.07677
73 92 78.95660
73 93 81.18149
73 94 62.41094
73 95 79.45512
73 96 106.00924
73 97 70.44804
73 98 78.17570
73 99 63.85653
74 75 84.46075
74 76 36.31105
74 77 53.04549
74 78 60.24373
74 79 66.96679
74 80 45.84015
74 81 63.66580
74 82 66.68307
74 83 79.01684
74 84 52.64509
74 85 67.13731
74 86 70.94137
74 87 71.67651
74 88 66.73196
74 89 62.26304
74 90 35.00884
74 91 42.75408
74 92 59.29281
74 93 52.10293
74 94 80.84646
74 95 62.43834
74 96 82.80567
74 97 78.41198
74 98 60.56047
74 99 62.84812
75 76 95.75034
75 77 71.55032
75 78 94.48792
75 79 118.65279
75 80 97.91295
75 81 96.39191
75 82 109.78383
75 83 135.77585
75 84 106.64526
75 85 140.27342
75 86 104.95560
75 87 43.22105
75 88 87.00103
75 89 93.10846
75 90 115.17751
75 91 105.63667
75 92 94.43893
75 93 109.02454
75 94 157.44363
75 95 113.07542
75 96 42.34175
75 97 98.40839
75 98 81.80891
75 99 94.12809
76 77 60.74397
76 78 49.41155
76 79 99.24758
76 80 71.05559
76 81 54.08728
76 82 71.87679
76 83 90.28632
76 84 70.75817
76 85 66.53925
76 86 81.83796
76 87 85.51422
76 88 66.56776
76 89 69.43945
76 90 46.53161
76 91 50.58379
76 92 88.85398
76 93 58.78617
76 94 83.39569
76 95 27.99452
76 96 96.43697
76 97 105.39522
76 98 81.01928
76 99 89.72423
77 78 37.66387
77 79 98.66747
77 80 70.23185
77 81 87.16055
77 82 40.37207
77 83 79.54249
77 84 58.74956
77 85 94.48817
77 86 76.74947
77 87 74.67854
77 88 57.96554
77 89 96.73008
77 90 65.56954
77 91 84.61974
77 92 92.48880
77 93 72.03456
77 94 101.88685
77 95 73.18801
77 96 86.18201
77 97 73.33539
77 98 40.52812
77 99 64.86675
78 79 116.48717
78 80 76.45935
78 81 83.13891
78 82 49.02604
78 83 78.62096
78 84 57.24002
78 85 78.90076
78 86 72.01288
78 87 86.51552
78 88 77.21545
78 89 109.19398
78 90 61.07035
78 91 80.40219
78 92 112.34367
78 93 83.87071
78 94 87.83406
78 95 53.94206
78 96 106.27495
78 97 90.53271
78 98 70.50250
78 99 82.92671
79 80 78.61581
79 81 123.25700
79 82 98.40154
79 83 83.59251
79 84 83.76474
79 85 108.92502
79 86 90.43519
79 87 104.72717
79 88 109.82197
79 89 86.28713
79 90 70.28845
79 91 72.21838
79 92 35.23604
79 93 74.35497
79 94 109.61606
79 95 121.26697
79 96 102.05613
79 97 92.25806
79 98 90.59978
79 99 85.14128
80 81 73.73972
80 82 85.02811
80 83 94.13357
80 84 38.74766
80 85 58.76663
80 86 82.12511
80 87 79.34694
80 88 95.17101
80 89 98.71404
80 90 56.88211
80 91 72.82624
80 92 81.93620
80 93 92.14253
80 94 73.60455
80 95 96.24770
80 96 106.68426
80 97 47.25143
80 98 61.12835
80 99 33.23542
81 82 109.89328
81 83 136.20195
81 84 94.97411
81 85 77.29198
81 86 119.86058
81 87 92.43596
81 88 77.83710
81 89 78.70363
81 90 85.85394
81 91 86.27938
81 92 108.57008
81 93 94.43406
81 94 103.67809
81 95 69.52728
81 96 109.64265
81 97 110.86095
81 98 90.70950
81 99 91.14256
82 83 54.99676
82 84 62.33107
82 85 92.08846
82 86 83.42648
82 87 109.04965
82 88 70.94991
82 89 112.30257
82 90 58.12595
82 91 92.20836
82 92 103.40874
82 93 66.43147
82 94 87.46098
82 95 76.79072
82 96 116.39481
82 97 88.72729
82 98 57.12489
82 99 80.42530
83 84 63.31862
83 85 97.13758
83 86 61.61374
83 87 119.50482
83 88 114.44801
83 89 125.87110
83 90 55.19209
83 91 80.86166
83 92 99.28837
83 93 82.52361
83 94 85.77101
83 95 98.49361
83 96 127.97649
83 97 100.12972
83 98 94.82133
83 99 99.41769
84 85 60.78386
84 86 58.11750
84 87 85.70706
84 88 100.82316
84 89 114.45736
84 90 45.53654
84 91 71.70143
84 92 92.76735
84 93 91.27291
84 94 64.73086
84 95 90.10728
84 96 112.78564
84 97 50.89606
84 98 64.55061
84 99 49.08615
85 86 101.13200
85 87 121.34605
85 88 109.04012
85 89 116.06101
85 90 53.10113
85 91 80.30695
85 92 116.62283
85 93 98.02124
85 94 30.27030
85 95 79.51166
85 96 146.25612
85 97 97.00708
85 98 96.03097
85 99 82.34762
86 87 74.31667
86 88 122.44067
86 89 116.71741
86 90 67.27241
86 91 59.73764
86 92 90.74281
86 93 100.95815
86 94 106.42876
86 95 97.23893
86 96 94.21834
86 97 90.48791
86 98 101.15634
86 99 95.58180
87 88 105.36758
87 89 94.62302
87 90 98.36553
87 91 80.20264
87 92 84.23620
87 93 110.25873
87 94 139.68198
87 95 107.03846
87 96 45.97458
87 97 86.24278
87 98 89.96555
87 99 86.65437
88 89 73.60740
88 90 85.12290
88 91 101.46519
88 92 96.99118
88 93 55.64546
88 94 118.43501
88 95 72.56505
88 96 99.34166
88 97 111.27923
88 98 58.66631
88 99 91.62047
89 90 87.13976
89 91 70.20906
89 92 59.36983
89 93 58.42001
89 94 131.51537
89 95 85.34148
89 96 78.01502
89 97 129.39903
89 98 100.46585
89 99 111.78497
90 91 46.73611
90 92 77.29183
90 93 56.32847
90 94 55.61900
90 95 63.42410
90 96 111.22904
90 97 87.27299
90 98 75.23756
90 99 74.82954
91 92 63.75666
91 93 69.48740
91 94 93.10815
91 95 70.63450
91 96 88.81004
91 97 106.49226
91 98 101.01159
91 99 97.42809
92 93 68.15024
92 94 124.89698
92 95 111.65134
92 96 72.56287
92 97 99.60573
92 98 89.76159
92 99 90.33253
93 94 101.02037
93 95 67.35070
93 96 100.26592
93 97 116.08102
93 98 78.25930
93 99 99.02653
94 95 92.44939
94 96 161.75655
94 97 102.63934
94 98 101.47853
94 99 90.30543
95 96 114.34515
95 97 127.88215
95 98 98.07939
95 99 112.47849
96 97 113.82720
96 98 100.46255
96 99 110.24113
97 98 56.72240
97 99 25.97039
98 99 41.03001
